20230701000103.25831640 4.7845 115.155 1.45 6.71766
20230701000103.51690361 11.5115 98.5675 19.95 2.48935
20230701000112.27215900 29.8925 106.25 10.2 0.442336
20230701000119.79979801 29.986 123.632 0 3.87543
20230701000121.66300838 17.5675 114.33 19.85 2.19205
20230701000122.39110979 24.8525 107.007 4 1.72368
20230701000125.82855436 29.275 110.134 19.95 20.8133
20230701000125.82924787 29.1005 108.598 19.95 5.79561
20230701000128.68457939 29.78 108.745 8.9 14.3118
20230701000128.78590022 29.5565 107.763 19.95 8.01322
20230701000128.86785996 29.2275 109.013 3.95 13.3546
20230701000128.99572236 29.492 108.123 17.3 4.00906
20230701000131.34015209 14.331 101.087 19.65 0.416464
20230701000131.47581900 21.876 117.55 18.15 20.0005
20230701000131.48183321 30.02 114.998 18.1 9.09195
20230701000133.13612339 10.193 125.161 11.85 7.74253
20230701000133.54605600 17.193 114.516 0 2.4556
20230701000133.56062841 29.919 124.191 0 12.8283
20230701000134.84181222 45.714 89.9605 15.8 7.23186
20230701000134.92120582 29.582 106.005 0 0.372324
20230701000135.91318579 29.8755 106.245 13.2 0.466096
20230701000135.91530739 29.838 106.28 19.95 3.43043
20230701000136.83228358 17.0025 114.315 0 1.73408
20230701000139.30273478 12.2895 102.604 19.95 0.475206
20230701000141.32187539 10.7425 101.979 19.95 4.39783
20230701000142.72226937 24.4475 106.889 19.95 4.79452
20230701000153.14919260 29.9745 123.641 0 3.85217
20230701000153.31451279 29.963 123.636 0 3.95619
20230701000154.29739779 31.079 118.168 11.25 12.6665
20230701000154.98829043 18.5385 114.282 0 4.06251
20230701000155.31833318 24.5835 106.974 0.2 4.42052
20230701000155.43774380 31.736 128.127 0 2.86928
20230701000157.75786118 29.8885 106.249 12.2 0.284224
20230701000159.66913798 29.975 106.169 5.2 1.62153
20230701000210.09450340 29.8935 106.291 3.7 0.374458
20230701000213.30530320 17.1715 114.49 0 5.8872
20230701000217.09747020 17.933 103.259 0.75 1.62514
20230701000217.10350080 16.455 105.007 18.95 11.1373
20230701000217.19106320 17.499 102.857 0 4.80559
20230701000217.87071411 24.567 106.97 0.2 4.56133
20230701000223.63760243 29.8935 106.231 12.7 1.41276
20230701000226.31742659 29.3405 108.486 19.95 9.58034
20230701000226.45515660 28.7515 109.842 19.95 16.2042
20230701000227.38708169 28.927 110.186 19.95 15.5638
20230701000229.68665107 29.9355 123.552 19.95 11.6854
20230701000229.74076620 24.456 106.794 0 4.07204
20230701000231.60896620 31.814 127.055 0 4.44624
20230701000235.79739737 11.447 98.538 19.95 3.93612
20230701000237.95607539 10.7795 102.097 19.95 5.03951
20230701000237.95820742 23.3135 108.504 1.5 11.9823
20230701000239.13194980 17.264 114.465 0 1.86939
20230701000244.44717478 24.6065 107.005 0.15 4.56295
20230701000245.10373140 10.8645 100.98 19.95 4.34227
20230701000245.80009542 29.9835 123.635 0 3.86705
20230701000245.86104921 29.9805 123.644 0 3.78695
20230701000250.82067398 25.3665 112.96 0 16.673
20230701000255.40632579 29.841 106.293 10.2 0.370709
20230701000305.78126240 17.12 114.495 0 2.00663
20230701000306.21826259 29.7535 119.014 0 13.385
20230701000306.30202499 30.98 116.83 3.9 16.6704
20230701000306.30301478 27.979 115.054 0 12.5507
20230701000308.36048800 29.984 123.633 0 3.85305
20230701000308.44614979 29.9675 123.654 0 3.68847
20230701000309.56589228 24.5665 106.961 0.2 4.5473
20230701000310.70371680 31.7465 125.894 0 1.54363
20230701000314.46064860 24.693 110.498 14.25 8.33341
20230701000315.34951500 29.559 105.971 0 0.564099
20230701000316.34748739 31.127 117.84 0 18.9757
20230701000316.37470598 31.7235 126.974 2.4 2.4034
20230701000316.50318201 -0.0325 113.004 0 26.3178
20230701000316.68279340 29.361 129.653 0.65 2.92207
20230701000321.63605958 5.4535 105.456 0 21.8021
20230701000324.50596800 18.818 104.089 16.4 3.33894
20230701000325.41711321 29.971 123.629 0 3.89611
20230701000325.44712940 29.9625 123.476 0 1.09103
20230701000325.53266159 29.9785 123.631 0 1.11542
20230701000326.73887897 29.8905 106.289 2.7 0.250873
20230701000326.85536339 29.6125 123.02 0 3.40683
20230701000327.35984659 14.6035 101.038 17.25 2.47171
20230701000327.85978700 30.063 106.875 0 1.26704
20230701000328.14098680 14.071 100.658 18.15 3.99456
20230701000329.79902342 29.9795 106.149 9.2 0.357709
20230701000329.80111500 39.889 113.944 11.25 21.0052
20230701000332.51825120 4.0415 89.92 0 23.919
20230701000332.66483200 6.563 89.92 0 25.6462
20230701000343.18182120 29.8935 123.835 0.4 5.14054
20230701000346.36501401 14.515 101.105 17.25 0.587378
20230701000346.37437539 17.1285 114.495 0 2.08661
20230701000351.10376600 24.885 106.999 19.95 1.45672
20230701000351.52278979 29.337 108.134 16.8 10.6788
20230701000351.53476540 29.0465 107.844 19.95 13.0983
20230701000351.53507948 28.3355 108.763 16.2 36.2374
20230701000351.58753920 29.848 106.321 0.9 0.544592
20230701000352.52349740 29.0795 108.454 18.6 16.8483
20230701000358.07242580 0.0045 117.129 0 21.655
20230701000401.19372259 11.126 102.057 19.95 3.77934
20230701000404.39971580 22.329 112.85 13.85 20.0304
20230701000404.39789699 20.7735 126.754 0.8 2.64751
20230701000405.87889427 24.5665 106.94 0.15 3.84663
20230701000407.51280860 24.556 106.77 11.4 3.84922
20230701000413.83698137 -0.035 111.315 0 28.8952
20230701000414.53889542 17.0505 114.641 0 1.64583
20230701000420.66091481 24.5625 106.996 0.9 1.77522
20230701000422.48193020 17.137 114.314 0 1.86154
20230701000422.70776563 17.387 114.485 0 1.92957
20230701000422.83622201 17.1365 114.334 0 2.1891
20230701000422.90719379 17.259 114.51 0 2.29346
20230701000423.93152716 16.1995 95.9695 0.75 0.567482
20230701000424.82387539 11.5455 125.105 12.2 6.37033
20230701000426.35771379 24.5665 106.929 0.15 3.71908
20230701000429.49797280 29.8605 106.288 11.2 0.428542
20230701000429.50011641 49.585 111.526 3.2 15.0421
20230701000429.50577948 27.1645 108.244 19.5 17.4855
20230701000436.79001260 29.8785 123.854 0 4.12243
20230701000436.86499059 30.036 124.46 18.6 2.2517
20230701000441.35854499 14.72 89.92 0 17.4935
20230701000443.43573158 13.1075 103.35 1.6 3.03937
20230701000446.30227100 31.358 125.647 0.65 28.4658
20230701000447.70082432 24.605 107.002 0.2 3.72283
20230701000449.19408019 17.35 114.48 0 2.00408
20230701000451.49195939 17.897 114.409 19.9 0.855331
20230701000452.02377540 16.762 114.721 0 2.40868
20230701000506.79794880 29.9735 106.165 7.7 0.402472
20230701000509.19875980 25.369 89.92 0.75 9.49457
20230701000514.11431920 29.997 123.647 0 3.22505
20230701000514.23417670 29.9295 123.894 19.95 7.4915
20230701000514.34036761 -0.039 102.724 0 13.0362
20230701000514.40246540 11.08 102.099 19.95 3.97853
20230701000516.26061240 30.112 110.413 0 8.91655
20230701000522.09918480 16.861 114.671 0 2.88133
20230701000522.10175060 20.539 112.857 19.95 21.6202
20230701000523.28430041 24.491 106.816 14.2 2.94488
20230701000524.51756400 28.4695 117.24 0 23.9434
20230701000529.17422489 20.895 110.282 19.95 49.6957
20230701000535.98662796 30.013 124.214 0 4.00259
20230701000536.16774460 29.947 124 19.95 4.32335
20230701000537.30855519 10.817 101.003 19.95 3.16341
20230701000538.73226419 7.83 115.478 0 12.9551
20230701000538.73415520 18.0895 104.935 4 20.0008
20230701000538.83511558 12.192 102.182 19.95 4.30276
20230701000539.95157657 29.9815 106.16 5.2 1.53919
20230701000541.26007390 28.1195 108.548 13.65 16.6672
20230701000541.26240680 29.343 115.567 0 27.2212
20230701000543.16947980 2.6885 119.217 17.85 0.512614
20230701000546.75151782 5.971 100.11 19.95 3.2806
20230701000549.49613580 31.1335 108.958 19.65 15.612
20230701000549.49759699 28.6955 108.915 16.2 17.9577
20230701000551.91672812 24.695 106.967 0.4 2.58927
20230701000554.11853340 26.6715 102.701 10.2 24.5894
20230701000604.15685920 24.5735 106.947 0.15 3.72486
20230701000606.34612940 24.67 107.097 3.5 0.785291
20230701000606.49004601 30.0065 124.134 0 3.80444
20230701000606.56618361 29.8875 123.822 0 4.70064
20230701000607.00293739 33.775 93.1145 18.45 14.2858
20230701000607.07610820 29.824 106.203 4.3 0.578465
20230701000607.07825420 29.2015 108.867 1.55 12.0659
20230701000614.62721843 29.973 106.167 4.2 1.53337
20230701000623.89533798 24.594 106.949 4.2 3.78925
20230701000625.43164899 17.4585 114.485 0 2.05031
20230701000626.22699840 45.5505 89.9205 19.45 10.7526
20230701000626.39885129 24.9705 107.07 19.95 1.72074
20230701000628.06649780 29.8785 106.314 0 0.42701
20230701000630.42011820 6.292 115.002 19.9 0.84619
20230701000630.42765379 -0.038 100.56 0 26.9286
20230701000632.26886159 29.9915 123.643 0 3.79389
20230701000632.38245100 29.992 123.654 0 3.89594
20230701000632.55022137 29.926 123.976 0.9 3.81727
20230701000633.08297060 29.961 123.485 0 0.603244
20230701000633.22296960 30.993 116.914 10.95 35.3712
20230701000653.39537939 29.971 106.17 6.7 1.55457
20230701000656.13121569 24.5 106.807 4 3.33203
20230701000656.14524040 24.5995 106.966 0.2 2.83943
20230701000656.82387091 24.5035 106.816 15.2 3.53532
20230701000657.31168019 29.987 123.644 0 3.77027
20230701000703.87303500 29.6455 123.211 0 4.35244
20230701000705.01815840 30.039 106.867 0 1.18613
20230701000705.58327840 31.547 126.334 0 3.88291
20230701000709.43787660 18.7395 114.248 0 4.74043
20230701000709.72668921 17.1185 114.53 0 1.92725
20230701000711.66490560 24.643 106.858 0 2.72248
20230701000713.61078041 18.324 114.065 0 1.90428
20230701000713.61330803 18.808 113.726 19.95 1.77403
20230701000714.12211940 29.872 106.318 0 1.46932
20230701000715.25451900 30.0175 123.974 0 3.95498
20230701000718.57003820 28.8845 112.097 17.5 20.0038
20230701000726.85621088 24.612 106.821 8.7 6.41381
20230701000727.24299760 29.9385 89.92 0 12.8043
20230701000727.31368348 24.499 106.796 0 2.65474
20230701000727.72540627 30.0805 122.248 19.95 27.9973
20230701000728.63017779 29.9765 106.172 6.7 1.38758
20230701000740.89646822 17.7565 113.722 19 20.0009
20230701000740.89900057 30.1215 114.72 18.3 11.1124
20230701000740.93584940 23.3575 112.91 19.95 11.966
20230701000740.95340083 17.0055 114.644 0 2.10048
20230701000743.37931961 29.5665 107.531 19.95 3.84857
20230701000744.64743020 28.5245 114.389 19.85 16.6679
20230701000744.65026502 20.1315 104.104 14 16.6672
20230701000744.85583520 29.6405 109.48 13.65 14.2867
20230701000745.96463840 30.001 123.478 0 0.660074
20230701000746.16294080 31.658 126.014 0 1.72327
20230701000746.23780940 29.8935 124.043 0 3.56931
20230701000748.48597241 24.53 106.965 19.35 3.13177
20230701000748.54209619 24.475 106.97 0 6.77083
20230701000750.10870060 37.3525 129.606 19.75 16.6667
20230701000755.04935800 0.105 112.264 0 39.9324
20230701000808.11016540 0.04 119.832 0 15.1095
20230701000811.77259558 31.289 116.755 17.1 12.5059
20230701000814.02348440 17.206 114.495 0 2.09418
20230701000817.05196200 17.232 114.446 0 1.78488
20230701000817.56481862 29.906 106.311 0 0.334683
20230701000817.56692857 34.279 104.606 0.4 21.2239
20230701000822.26698620 5.624 118.683 0.85 3.28247
20230701000822.53969190 24.3925 106.814 3.25 3.84911
20230701000822.62356140 24.4955 107.014 0.2 4.22878
20230701000822.76431897 24.388 106.892 0 2.6505
20230701000822.76512601 24.5575 107.007 16.45 4.22734
20230701000823.18329180 24.482 107.005 0 3.77098
20230701000823.21067720 24.519 106.892 1.5 2.2763
20230701000823.34385011 24.4775 106.793 0 4.69992
20230701000823.50312819 24.492 107.011 0 3.58223
20230701000825.97985228 24.7925 107.039 0 0.532632
20230701000826.06401580 29.9895 106.173 0.9 1.59134
20230701000830.86157740 29.987 123.659 0 3.87855
20230701000838.63105798 16.964 114.495 0 1.89913
20230701000839.58403161 17.249 114.414 0 1.59581
20230701000842.79311097 1.292 119.318 19.2 1.70663
20230701000850.62263001 -0.078 114.275 0 24.8372
20230701000852.57018099 24.526 106.967 0.25 7.28946
20230701000852.64051980 24.4405 106.975 0.2 6.2205
20230701000852.67940512 24.5735 106.888 17.85 2.49834
20230701000853.01508569 24.4065 106.795 19.1 3.72662
20230701000853.15301299 24.4 106.927 19.95 9.71164
20230701000853.21199859 24.413 106.805 0.9 3.11149
20230701000853.28253619 24.4115 106.931 19.95 4.20652
20230701000855.76115699 13.717 115.161 19.8 0.435034
20230701000858.38934780 29.87 106.288 8.25 0.334509
20230701000911.70086880 28.3235 109.687 0 22.9149
20230701000912.62431020 16.81 114.689 0 2.58088
20230701000912.62687603 21.5025 112.818 19.95 19.3198
20230701000915.49782819 31.532 125.007 0 29.8204
20230701000917.76832192 10.386 95.0275 0 1.61819
20230701000918.91610278 31.4265 125.556 0 2.15175
20230701000919.45592480 -0.0145 113.824 0 30.4896
20230701000920.49173468 24.7925 106.952 0.25 0.944258
20230701000922.61112960 17.196 121.429 1.7 22.6667
20230701000936.93512742 29.877 106.291 11.2 0.250946
20230701000937.00426700 31.028 126.142 0 11.3608
20230701000950.72352019 17.3555 114.386 0 1.26165
20230701000955.20474689 29.3305 108.279 14.2 10.2608
20230701000955.50472480 29.8855 106.324 12.7 0.81205
20230701000955.68775360 29.922 106.14 4.2 0.967822
20230701000955.68987238 29.151 109.388 0.35 16.2956
20230701000955.85820038 28.4895 110.352 14.25 20.0004
20230701000957.02910140 23.807 116.635 0 8.14372
20230701000957.72313920 24.5445 106.973 4 3.17271
20230701000957.76761862 24.564 107 0 3.53122
20230701000957.81757542 24.434 106.808 0 2.72919
20230701000959.77192838 10.565 101.939 19.95 4.3007
20230701001000.24923739 15.1345 104.314 1.35 2.93963
20230701001003.16980760 29.9875 123.693 5.2 1.18789
20230701001003.31626099 30.001 123.654 0 3.05637
20230701001003.95408800 0.0045 121.776 0 27.4918
20230701001009.12851340 29.8755 106.321 4.7 0.288777
20230701001010.93184563 0.0405 116.261 0 22.7522
20230701001016.47708460 29.576 118.667 17.45 0.105983
20230701001019.44787891 22.848 107.813 19.5 19.3206
20230701001019.44850041 6.553 123.32 13.2 0.413531
20230701001020.99482067 29.274 108.977 19.95 13.0205
20230701001021.02248220 29.9715 106.198 0 0.396555
20230701001021.02457720 29.9245 106.272 19.95 3.98192
20230701001026.68540838 31.5275 115.858 0 25.3073
20230701001028.03410460 28.892 108.428 19.95 17.7805
20230701001028.43655539 35.1595 90.175 0 17.2789
20230701001032.83300838 10.2035 94.767 19.3 0.730023
20230701001035.64686662 10.8675 101.797 19.95 4.9287
20230701001039.47253638 29.9665 123.668 0 3.94157
20230701001040.02200460 29.9465 123.422 14.2 0.766348
20230701001040.97034361 29.883 106.323 7.7 0.257687
20230701001041.84574041 18.7145 114.116 0 4.83592
20230701001042.04055580 17.233 114.348 0 1.60176
20230701001050.68741740 24.5565 107 0.4 1.7603
20230701001051.22360620 17.494 114.318 0 4.72413
20230701001051.22612680 25.3635 113.204 0 19.8466
20230701001051.43488499 31.401 125.413 0 1.93331
20230701001056.63503302 29.1935 126.852 0 19.3484
20230701001056.81344716 31.562 125.996 0 5.97443
20230701001058.06870430 24.566 106.953 0.45 1.77467
20230701001104.93945222 30.2045 109.635 0 7.33188
20230701001105.00189710 30.302 109.726 0 4.1836
20230701001111.49528160 31.875 129.654 15.55 20.2845
20230701001112.83423283 12.7315 102.614 19.95 5.02859
20230701001113.95361996 29.3195 108.724 19.95 11.1168
20230701001113.99537939 29.9195 106.067 1.2 1.62401
20230701001115.14934860 34.9005 115.633 17.1 21.1136
20230701001118.83939219 32.669 115.211 19.95 46.3638
20230701001119.82370540 11.116 125.339 0 5.28435
20230701001120.53259280 30.032 123.672 0.4 3.8296
20230701001120.69396467 29.936 123.755 0.4 6.74604
20230701001123.87945222 25.511 113.513 19.95 22.4853
20230701001124.54796582 17.7405 114.232 0.75 3.74133
20230701001126.15376830 24.4235 106.716 0 3.66513
20230701001126.23210939 24.5625 106.819 14.7 3.81113
20230701001127.05922380 24.487 106.971 0.2 3.06533
20230701001127.34358460 18.2965 103.544 18.05 2.67476
20230701001133.07192759 29.883 106.321 5.7 0.277863
20230701001133.07400820 52.676 105.643 0 12.5588
20230701001134.36520579 -0.08 114.186 0 13.6045
20230701001136.00281920 30.6535 120.233 0 23.154
20230701001139.58657881 14.097 100.684 19.95 4.07221
20230701001140.20229040 15.975 95.6925 0.75 0.44495
20230701001140.29979379 28.903 110.234 19.95 16.4777
20230701001140.42680499 30.0025 106.014 2.95 1.12206
20230701001140.50358579 29.3615 108.694 0.1 10.7797
20230701001145.67880659 12.6985 102.612 19.95 5.0073
20230701001145.87140857 12.5255 102.529 19.85 5.08636
20230701001146.81144102 17.745 114.426 0 2.53198
20230701001148.22175539 21.233 112.587 19.95 20.3383
20230701001152.18228179 31.7345 126.174 0 4.79683
20230701001152.98651699 18.0575 114.238 19.9 0.74735
20230701001153.92125222 17.059 114.44 0 1.88478
20230701001155.22799480 24.5285 106.959 0 7.09772
20230701001155.29423961 24.5295 106.998 0 6.82428
20230701001155.33567779 24.608 106.967 14.2 3.38145
20230701001155.43725798 24.5315 106.969 0 6.26698
20230701001158.50810300 29.886 106.323 5.2 0.282027
20230701001158.51018099 29.8935 106.47 17.7 1.56694
20230701001158.93730918 28.7805 108.225 19.85 17.0392
20230701001159.44993680 29.9985 123.614 0 3.58273
20230701001203.02982020 17.316 114.346 0 1.67031
20230701001204.11042900 31.4555 125.569 0 5.05689
20230701001204.15831360 31.4395 125.596 0.9 4.69128
20230701001206.47577600 24.5265 106.97 0.2 5.66613
20230701001206.53904998 24.494 106.982 0 2.91692
20230701001206.64275680 24.5495 106.981 1.4 3.57763
20230701001206.87468761 24.513 106.969 0.9 3.69021
20230701001223.59802022 26.018 115.654 0 26.4696
20230701001223.69701836 -0.035 116.694 0 26.5506
20230701001226.27921100 0.025 110.431 0 34.9102
20230701001230.17472059 13.1875 103.051 19.95 5.36932
20230701001235.29208601 7.9155 114.993 0 2.69223
20230701001235.39271200 17.0935 114.437 0 1.8616
20230701001235.55950688 17.637 114.262 19.95 0.772597
20230701001235.89222259 17.145 114.442 0 1.88191
20230701001235.98153760 23.206 100.082 19.85 20.0027
20230701001235.98410361 15.4975 114.626 19.85 1.95109
20230701001240.22742540 24.5215 107.014 19.95 0.76165
20230701001242.93784057 31.005 117.606 0 19.8555
20230701001248.81440601 17.0885 114.327 0 2.10926
20230701001300.28629510 30.4715 116.334 0 8.73762
20230701001302.15144320 29.92 106.314 0 1.37802
20230701001305.99017203 24.5735 106.978 0.2 1.67755
20230701001307.48283481 18.469 114.233 0 4.26203
20230701001309.48313299 24.4225 107.006 0.2 6.11917
20230701001309.52829900 24.4115 106.971 0.2 6.33992
20230701001309.62219558 24.5335 107.053 0 3.36013
20230701001309.77152512 24.433 106.871 0.9 3.25121
20230701001316.70139840 30.024 124.238 0 3.97319
20230701001316.77999859 30.0035 123.683 0 3.84111
20230701001318.59487398 23.1475 115.933 0 2.69964
20230701001320.35027200 30.383 110.213 14.35 1.20291
20230701001320.47068940 29.051 109.894 18.85 12.5991
20230701001320.48005068 29.1345 107.496 8.8 17.821
20230701001320.50794880 21.692 112.713 19.95 25.5274
20230701001323.34784019 16.9625 114.536 0 2.66827
20230701001326.46260860 29.8935 106.328 5.7 0.602159
20230701001327.41127708 29.3505 109.353 17.85 22.8162
20230701001329.82368800 2.1615 124.641 0 5.66155
20230701001330.31773708 29.2055 108.36 19.95 10.132
20230701001330.53503398 29.1575 108.555 19.95 16.8767
20230701001330.62099020 29.9595 106.198 0 1.53295
20230701001331.52348620 16.1355 95.8315 19.85 3.80728
20230701001340.41880819 8.0075 89.92 0 19.1771
20230701001341.03231180 13.5075 100.33 19.95 3.4907
20230701001341.72175219 14.253 101.007 8.75 0.388376
20230701001348.68742617 23.165 106.737 0 16.6705
20230701001348.69031603 26.9145 103 7.75 25.6459
20230701001348.69092102 24.8305 107.731 4 5.68791
20230701001348.85341196 5.805 114.096 19.45 5.68097
20230701001348.94383008 27.969 109.031 19.95 27.8724
20230701001349.02549820 29.8675 106.322 12.7 0.73671
20230701001349.02762460 29.817 106.446 19.95 4.00151
20230701001352.28090438 0.0045 115.462 0 20.1666
20230701001355.08691340 9.886 100.768 19.95 5.21068
20230701001400.34449881 16.958 114.393 0 1.74731
20230701001401.78174137 15.757 126.604 18.6 1.88354
20230701001405.03586520 7.0805 89.9425 0 5.8252
20230701001410.27741420 29.9035 106.323 12.2 0.325699
20230701001411.92968281 31.539 115.28 0 29.6205
20230701001413.67651916 18.544 114.205 0 4.42321
20230701001414.93355648 24.293 106.838 19.95 4.6821
20230701001417.81372960 12.3225 125.414 13.35 2.6485
20230701001422.31191558 10.759 102.079 19.95 3.69665
20230701001425.23859080 29.8315 106.912 0.95 5.8866
20230701001425.60243462 29.139 110.419 1.5 20.8637
20230701001425.65315462 29.5025 108.337 1.55 5.87116
20230701001426.30267740 24.5505 106.997 3.95 3.31891
20230701001426.33377100 33.0855 111.327 15.7 28.4567
20230701001426.36531040 24.531 106.955 0 3.44156
20230701001431.09241260 30.0555 129.656 0 48.4291
20230701001432.37016940 12.5965 102.533 19.95 4.563
20230701001440.39416998 29.9065 106.324 16.2 0.29937
20230701001443.04373460 30.934 114.711 4.6 16.5755
20230701001444.85433420 29.705 123.654 0 5.07755
20230701001447.68175737 16.8865 114.492 0 2.01038
20230701001457.65958080 29.233 109.084 19.95 12.772
20230701001457.77297401 29.8935 106.299 7.2 0.85594
20230701001505.46095920 17.1185 114.481 0 2.01938
20230701001509.90484499 24.638 107.045 19.95 7.99935
20230701001509.96508960 24.3935 106.851 4 3.08122
20230701001512.76051123 29.902 106.321 5.2 1.39493
20230701001514.69214982 30.486 111.09 19.2 16.8346
20230701001515.56158579 33.239 122.446 19.95 3.87002
20230701001515.57866208 32.803 108.515 18.5 20.0004
20230701001515.57929440 6.738 123.121 0 1.27514
20230701001516.27302380 10.431 125.104 12.4 6.14714
20230701001521.48607558 16.933 114.602 0 2.10388
20230701001521.48864259 17.5215 114.2 19.85 4.78983
20230701001521.87704121 0.0065 113.451 0 25.8413
20230701001522.30093920 24.6695 107.011 0 3.99587
20230701001522.68647040 24.5735 106.982 0 3.77632
20230701001522.76577580 24.4965 106.819 15.2 3.41342
20230701001524.50880339 29.9215 106.289 4.2 0.678246
20230701001524.65341939 29.9105 106.356 0.05 0.610838
20230701001526.58479078 30.2275 109.763 0 10.2772
20230701001529.48384560 30.0085 123.654 0 3.63958
20230701001535.56572352 31.5615 126.441 0 32.7397
20230701001535.76204019 0.0585 116.299 0 22.8386
20230701001541.83500262 11.147 101.681 19.95 4.34162
20230701001542.72007078 29.914 106.353 1.7 0.179851
20230701001542.88103360 29.902 106.343 0 1.32755
20230701001549.11603980 29.115 128.214 14.2 5.28271
20230701001550.65861088 29.357 108.599 19.95 10.5394
20230701001551.55841440 17.2925 114.44 0 5.77841
20230701001551.91273843 17.1615 114.471 0 2.06522
20230701001554.45019680 24.566 106.967 0.15 2.83549
20230701001554.59654278 24.889 107.081 0 0.727631
20230701001554.77606156 12.503 102.514 0.75 0.979719
20230701001601.88813382 14.6935 101.359 19.95 3.97033
20230701001609.88005638 24.519 106.996 0 7.12703
20230701001610.04305140 24.5625 106.998 0.2 2.10723
20230701001612.66022099 29.982 123.699 0 3.8034
20230701001612.83405420 29.98 123.736 0 3.76604
20230701001617.35129500 4.443 115.323 0 1.93921
20230701001619.33277440 28.616 108.362 15.25 14.295
20230701001619.45681180 29.908 106.305 0 1.77702
20230701001620.17794179 29.883 106.273 0 0.536476
20230701001620.18006440 29.1445 108.671 19.95 12.0308
20230701001620.32037299 29.619 106.023 7.2 0.496106
20230701001622.41399398 0.064 116.024 0 35.4954
20230701001625.20366720 14.3675 101.087 16.65 0.570477
20230701001630.77245158 17.2425 114.436 0 1.82456
20230701001630.82570579 17.1765 114.441 0 1.87238
20230701001632.04645300 29.3935 109.77 14.2 16.106
20230701001632.05279180 27.611 109.419 0 20.5058
20230701001642.46887961 31.625 126.752 0 2.98253
20230701001642.73074361 0.1275 117.719 0 20.9775
20230701001644.80390009 24.527 106.92 0 2.81278
20230701001644.91795276 18.7065 113.84 19.85 0.338709
20230701001645.09079520 20.824 112.838 19.95 22.5074
20230701001649.64204998 20.9265 112.699 19.95 23.235
20230701001650.19805939 31.5655 115.964 0 25.2298
20230701001650.57406457 12.176 125.389 0.5 5.53281
20230701001651.25524300 29.8905 106.362 0 0.157549
20230701001655.92193369 14.2545 101.007 3.1 0.438699
20230701001656.01480900 2.603 124.96 4.25 9.21064
20230701001656.31600441 24.173 106.519 0 3.15745
20230701001656.40860611 24.6895 107.093 17.7 5.46705
20230701001658.50157529 30.589 121.605 17.8 7.45314
20230701001703.83095020 30.631 120.289 0 25.3329
20230701001705.68029580 6.741 103.883 0.8 0.256067
20230701001718.79924838 24.638 107.075 0.2 4.56411
20230701001718.87994969 24.5135 106.851 0.7 2.75189
20230701001719.03169580 24.5315 106.925 1.55 2.51732
20230701001719.22093139 28.5585 107.91 7.25 10.2051
20230701001719.39387920 24.4175 106.815 14.2 3.28673
20230701001719.50937820 24.6825 107.132 14.25 5.56588
20230701001720.64576102 29.8455 106.284 0.1 0.443172
20230701001724.70756480 4.3005 98.476 19.9 7.18197
20230701001728.01718500 23.8135 116.625 0 3.70154
20230701001728.68871379 29.001 108.959 0.95 16.1374
20230701001733.45062700 10.7675 102.229 19.95 7.21963
20230701001735.16727360 10.4645 101.491 15.7 1.41544
20230701001740.70316537 24.565 89.92 0 23.9546
20230701001745.97486060 24.5495 106.958 0 2.99343
20230701001746.05577700 24.5 107.014 0 7.01551
20230701001746.09358929 24.3415 106.755 18.85 3.01694
20230701001746.16527480 24.68 107.037 0 4.02109
20230701001746.26859980 24.5165 106.839 13.7 2.62578
20230701001746.32930559 24.3755 106.482 19.95 11.3507
20230701001746.38654640 24.5145 106.842 17.7 2.73019
20230701001753.04899040 12.514 125.164 0.8 5.60954
20230701001754.21141800 25.817 108.046 1.5 0.690543
20230701001805.32226739 0.2945 95.747 19.85 7.04254
20230701001806.61029363 24.6015 106.964 0 2.86313
20230701001806.71093337 24.5615 106.983 0.2 2.92861
20230701001806.78826438 24.6005 107.003 0 3.15143
20230701001806.85883219 24.6515 106.886 6.3 2.2013
20230701001806.93001561 24.5005 106.951 0 6.35851
20230701001807.00372379 24.6165 107.01 0.15 3.92849
20230701001807.06001720 24.505 106.963 0.2 6.33735
20230701001807.23406899 24.6035 106.973 18.85 3.14125
20230701001807.38723011 24.6535 106.879 0 2.21343
20230701001809.48469520 30.3215 109.755 1.75 6.48947
20230701001810.16422060 30.162 109.454 0.1 11.0371
20230701001810.31337580 12.663 102.766 15.35 0.978003
20230701001810.73313440 25.392 89.92 0.9 4.26449
20230701001819.11307740 29.8455 106.289 4.7 0.376221
20230701001819.11517000 34.3925 107.509 7.2 14.4287
20230701001823.17502600 23.7395 115.597 19.9 13.1096
20230701001834.57841561 24.665 107.023 0 2.18564
20230701001834.65241280 24.5235 106.796 17.7 3.28419
20230701001834.72444537 24.4865 107 19.95 3.51856
20230701001834.77074297 24.4745 106.822 18.85 3.39032
20230701001834.86772102 24.6485 107.014 0.25 3.35683
20230701001835.20167640 24.4535 106.805 0 3.6274
20230701001836.66656678 31.1765 129.654 19.95 10.7622
20230701001838.87093299 14.6365 101.315 19.9 13.5149
20230701001841.88737702 9.092 101.887 19.95 4.58021
20230701001843.40102598 29.9965 123.722 6.2 3.62925
20230701001844.74255539 31.0155 117.685 0 12.5985
20230701001846.32039510 27.904 110.377 14.95 20.0018
20230701001846.32448800 30.677 108.754 0 21.1314
20230701001852.33488400 29.7565 106.165 7.2 1.66579
20230701001853.07482480 27.337 110.334 0.35 7.34906
20230701001900.13749820 24.421 106.977 1.3 7.23321
20230701001900.22242400 24.488 106.965 19.95 6.04441
20230701001900.76369299 24.501 106.84 0 3.64034
20230701001901.46723558 24.554 106.913 0.3 1.83221
20230701001905.36717360 45.399 121.912 15.9 20.0001
20230701001905.38731961 29.8505 106.3 12.2 0.483827
20230701001906.50339820 11.9405 102.007 19.95 0.498358
20230701001911.28510918 11.9435 125.849 0 6.73238
20230701001911.68444876 29.6035 105.989 2.2 0.831421
20230701001913.58254080 18.5515 114.11 0 4.59344
20230701001913.61358739 31.3815 129.654 19.95 17.0778
20230701001913.61419321 31.725 117.395 6.35 12.8605
20230701001916.76792422 -0.0765 116.197 0 22.9825
20230701001926.45199779 19.137 96.049 12.2 21.5703
20230701001929.70061568 24.62 107.014 0.15 8.63267
20230701001931.40744358 29.927 106.547 2.55 1.11098
20230701001931.60084179 29.8815 106.286 2.2 0.532375
20230701001935.13589720 13.535 100.34 3.95 4.52018
20230701001935.19438280 14.453 101.122 1.05 0.513275
20230701001935.29618160 15.6935 102.212 17.5 3.93453
20230701001947.22784419 27.335 94.87 19.55 16.6769
20230701001947.72185920 29.66 105.842 0 0.955067
20230701001947.72405798 33.7255 118.485 5.4 29.8414
20230701001949.36427200 31.3925 125.453 0 1.5159
20230701001953.87142438 24.5735 106.984 0.2 2.75406
20230701001958.84387859 13.7445 124.568 0 0.916342
20230701002000.34836220 28.95 108.632 16.75 12.5017
20230701002000.43631481 28.9255 108.216 19.95 32.2307
20230701002000.50902700 29.6355 108.589 17.35 24.9425
20230701002000.66163961 32.537 93.841 19.95 23.167
20230701002000.75920902 0.025 101.944 0 45.6196
20230701002000.85495942 -0.016 108.916 0 46.4099
20230701002008.65643718 -0.035 115.538 0 24.0889
20230701002012.26043020 29.989 124.271 0 7.27441
20230701002013.89002758 25.1765 118.189 15.8 15.8068
20230701002014.02797600 24.608 106.99 0.2 2.92213
20230701002014.83261318 24.4375 107.014 0 6.24997
20230701002014.89188998 24.439 107.042 0 7.21194
20230701002014.95515820 24.4445 106.831 0.9 3.27307
20230701002015.02676110 24.5185 106.833 3 3.63443
20230701002015.10507100 24.5335 107.053 0.2 3.15426
20230701002015.16407440 24.564 107.053 0 3.05429
20230701002017.26402360 30.9915 117.684 0 13.5656
20230701002021.48641360 12.5835 102.575 19.95 4.65206
20230701002024.70502361 29.8595 106.303 11.2 0.322626
20230701002030.21002289 29.183 107.704 18.75 18.863
20230701002031.65310419 6.4365 114.919 17.25 3.90637
20230701002035.88627641 30.391 117.052 19.95 16.8972
20230701002042.60525388 24.6205 106.781 0 2.9993
20230701002043.48376540 24.712 107.03 18.25 3.77276
20230701002046.60970240 23.207 116.028 0 4.47882
20230701002049.42012560 10.1295 101.867 19.95 4.42898
20230701002049.76977177 30.012 123.712 0 3.93232
20230701002052.87237580 30.4135 107.786 0 23.4708
20230701002052.87322432 28.1175 108.069 17.9 14.2897
20230701002054.59580838 17.072 114.519 0 1.98546
