20230630235800.47311980 29.479 118.648 11.3 2.10241
20230630235800.53853017 30.5635 116.124 18.7 20.0101
20230630235801.18793180 29.716 129.651 0.8 4.81113
20230630235801.47043078 30.6335 129.654 0 6.02913
20230630235804.98699001 18.499 113.706 0 5.20406
20230630235804.98950118 18.526 113.679 1.6 2.75224
20230630235805.34142480 18.5795 113.697 0 2.72415
20230630235805.86797260 17.555 114.146 0.25 4.93213
20230630235805.87049139 17.7965 114.112 18.8 5.29002
20230630235805.88911302 31.873 129.654 17.3 8.64869
20230630235806.03120680 17.2845 114.27 0 1.92112
20230630235808.62161407 24.633 106.951 0.2 2.66449
20230630235811.22779280 47.094 100.241 19.75 0.423632
20230630235812.04273620 29.447 128.488 0 3.42049
20230630235812.13550099 29.441 128.711 0 3.76282
20230630235820.05486800 29.8585 106.295 3.2 0.323824
20230630235821.79275001 30.1785 109.765 0 9.39992
20230630235821.94320742 30.185 109.702 0 5.81903
20230630235822.06468520 18.642 114.245 0 4.54022
20230630235822.07568480 25.6885 108.036 0 9.30382
20230630235822.08131560 25.5085 108.038 0 4.49672
20230630235822.08198020 33.837 106.997 19.95 7.4258
20230630235822.37448380 17.7585 103.229 15.05 4.03295
20230630235825.63879641 29.5925 105.947 0 0.793558
20230630235825.64101139 58.8755 107.098 0 14.45
20230630235825.71373043 29.607 105.934 10.75 0.753482
20230630235825.92954316 32.9255 110.957 13.25 20.2952
20230630235829.28693520 17.934 111.992 5.2 29.7789
20230630235830.13247180 29.956 106.149 0 1.59572
20230630235830.48734918 29.706 123.133 0 3.91836
20230630235830.53512838 29.7265 123.516 0 3.60884
20230630235834.80038310 27.8115 113.523 19.95 20.0136
20230630235837.93305843 18.5735 113.679 19.95 2.83868
20230630235842.77367782 16.997 114.527 0 1.88015
20230630235843.26419440 6.7225 98.851 19.9 4.33406
20230630235846.23510400 30.0165 124.158 0 3.97303
20230630235846.51057139 29.754 126.555 0 4.28166
20230630235847.19243120 31.519 126.198 0 4.88833
20230630235850.22302040 29.941 106.094 0.25 4.13459
20230630235850.86880441 29.909 106.203 0 5.91139
20230630235850.86931340 29.328 109.877 5.5 16.6701
20230630235853.90550860 29.245 129.646 0.75 16.5465
20230630235853.90838521 30.0985 109.348 0 5.19967
20230630235854.88342739 31.432 125.668 19.95 4.43368
20230630235856.95463462 18.549 114.268 0 5.10626
20230630235857.81243520 29.3795 128.939 0 4.05607
20230630235857.99478099 29.4785 129.653 0 8.86525
20230630235903.38169340 30.7275 116.344 0 27.9055
20230630235903.75051097 19.356 113.67 0 4.1995
20230630235903.79547142 18.593 113.688 0 2.93442
20230630235903.87272518 17.1885 114.597 0 1.99559
20230630235903.91675360 18.4125 113.77 0 2.77155
20230630235907.28327641 4.596 115.365 0 2.02644
20230630235910.85884678 19.0375 114.028 14.25 4.61761
20230630235911.24980620 16.791 114.6 0 2.89622
20230630235911.25234040 17.725 114.114 6 3.99326
20230630235911.35521478 22.004 114.809 0 18.6771
20230630235913.14394259 29.5565 105.966 0 1.92266
20230630235914.38908739 14.5915 123.011 0.75 3.22473
20230630235916.83731539 24.588 106.959 0.3 5.55774
20230630235917.28590000 17.438 114.322 17.9 1.95153
20230630235918.12013480 17.41 114.445 0 1.88581
20230630235918.41790979 17.855 114.285 19.95 0.786202
20230630235920.16548249 24.5055 106.986 0.9 0.587651
20230630235921.72185798 31.395 125.712 0 5.55147
20230630235924.41451641 14.634 101.216 19.9 4.02442
20230630235925.42139878 9.0835 101.885 19.95 4.41267
20230630235925.47992259 8.2665 114.073 0 4.21047
20230630235926.41154681 29.498 118.462 18.9 2.59296
20230630235928.13456800 29.487 128.745 0 8.35022
20230630235929.28054278 29.9515 106.142 4.2 0.317682
20230630235929.28265881 50.6325 110.382 0 17.4595
20230630235931.20176680 21.93 124.382 0 4.39157
20230630235933.25558099 31.599 127.254 0 1.594
20230630235936.91535929 30.457 109.609 0 14.0889
20230630235939.12634440 24.751 106.994 0 0.822585
20230630235940.70466598 17.897 114.258 19.95 0.946635
20230630235940.91042739 17.281 114.477 0 1.92676
20230630235941.47098739 29.877 106.246 10.7 0.428552
20230630235941.96099321 31.947 115.833 16.05 16.6681
20230630235947.61546579 29.432 129.653 0 9.04707
20230630235947.73538368 29.428 128.446 0 2.22845
20230630235947.73613459 29.5595 129.572 0.4 2.24518
20230630235952.63400160 31.139 129.654 19.95 10.4947
20230630235958.74819520 2.4355 116.63 19.9 20.0186
20230701000000.57630982 29.4955 128.74 0 7.17596
20230701000003.12930059 29.9935 106.093 13.7 1.83805
20230701000003.13189360 31.2505 112.593 0 21.5351
20230701000004.33963878 1.349 97.658 19.85 6.5221
20230701000006.12377160 0.0445 97.134 0 16.4458
20230701000006.17756380 11.71 124.886 13.7 5.83502
20230701000006.48194339 14.059 123.079 0.75 3.42265
20230701000008.95838323 17.8015 114.26 0.75 3.99818
20230701000008.98110681 21.471 113.582 19.75 7.80925
20230701000010.34175260 17.092 114.436 0 1.96225
20230701000010.54139980 17.0935 114.439 0 2.00765
20230701000012.86137222 18.3405 113.82 0 2.85279
20230701000013.53179718 48.454 105.372 16.9 16.6671
20230701000013.72225388 11.8175 129.598 0 22.4037
20230701000015.46665958 31.4485 125.933 0 5.43795
20230701000018.58976480 29.434 128.732 0 7.18603
20230701000018.68054540 29.434 128.729 0 7.04538
20230701000018.73108339 29.4315 128.735 0 8.16308
20230701000020.95379520 31.6235 127.162 0.4 2.90198
20230701000021.02244320 31.4635 126.813 0 5.63369
20230701000022.64040518 29.4725 117.684 0 1.86704
20230701000022.64280281 17.0005 129.52 0 24.7509
20230701000022.67184160 0.007 114.619 0 29.4247
20230701000023.53082560 13.38 100.168 19.95 3.66423
20230701000023.60187577 22.39 115.004 19.75 16.6684
20230701000025.03510800 10.9925 102.078 19.95 4.4686
20230701000025.81677760 22.9185 117.194 14.75 20.0005
20230701000030.39280220 24.5735 106.987 0.15 4.50717
20230701000030.64469363 11.4045 102.241 19.95 4.87148
20230701000030.81588441 38.2395 113.581 1.4 20.3375
20230701000030.93353817 29.9325 106.198 0 4.78337
20230701000030.93409132 29.041 109.909 19.95 18.7363
20230701000031.61815897 29.8805 106.507 2.3 12.5153
20230701000031.82635462 29.7405 106.911 4.35 6.83615
20230701000032.01762160 0.2835 105.751 0 2.44653
20230701000037.82011980 29.579 105.941 0 0.821036
20230701000037.82233862 29.0425 108.549 0.9 11.1617
20230701000041.66310720 29.495 128.756 0 3.31457
20230701000041.77684518 29.4865 129.653 0 9.1089
20230701000042.18486380 31.383 125.534 0 3.87524
20230701000042.36868121 -0.0785 115.535 0 23.4829
20230701000042.37098560 31.2835 125.334 0 0.667979
20230701000044.18496139 21.488 111.201 17.55 20.0003
20230701000044.18747260 19.5015 113.669 16.85 3.45778
20230701000044.21377660 5.561 98.7325 19.95 4.47797
20230701000044.29391820 18.2795 113.806 0 2.68249
20230701000045.34459139 1.187 96.6925 19.95 6.7621
20230701000046.45067840 29.9235 123.734 0 3.97335
20230701000046.55620339 26.6965 126.241 0.7 27.9891
20230701000046.61333478 30.0115 124.134 0 3.88559
20230701000046.77791942 30.0065 124.211 0 4.01651
20230701000048.02284200 29.832 123.814 14.2 21.1161
20230701000048.02360280 31.5615 114.271 0 24.3431
20230701000048.57364838 29.887 106.245 13.2 0.405144
20230701000050.60774796 5.189 114.243 0 2.88576
20230701000050.65766880 30.2665 110.35 0 8.20542
20230701000051.09284409 21.2795 129.638 0 16.5819
20230701000051.12002520 30.166 110.449 0 4.37148
20230701000052.15006280 22.2845 109.376 0 20.0185
20230701000052.22625699 17.0655 114.519 0 2.46515
20230701000053.25212620 15.1345 127.23 0.75 5.61562
20230701000053.33650339 29.4905 129.653 0 8.94656
20230701000054.62292179 29.955 106.169 0.05 1.6262
20230701000054.65171859 31.815 129.654 0 19.0686
20230701000055.35683209 24.5735 106.988 0 4.43353
20230701000055.68695001 29.488 108.341 19.9 15.9454
20230701000055.68903001 4.744 113.482 9.7 16.7464
20230701000055.71091270 25.053 107.125 19.95 1.11404
20230701000055.90917241 29.166 108.052 0.9 16.6262
20230701000056.00332880 31.385 125.794 0 5.48494
20230701000056.03787960 34.18 89.92 0 13.106
20230701000100.80683161 29.565 128.787 0 7.73875
20230701000103.25831640 4.785 115.155 1.45 6.71654
20230701000103.51690361 11.4995 98.5575 19.95 2.49189
20230701000104.67567731 30.24 109.691 0 4.3173
20230701000108.37374419 29.4765 118.693 17.65 4.50025
20230701000108.49925401 29.52 118.675 14.7 8.07072
20230701000109.27691990 6.5265 114.481 0 2.17996
20230701000110.58991660 31.46 126.642 0 5.85389
20230701000111.67171980 29.3655 128.946 0 5.01824
20230701000112.27215900 29.893 106.248 10.2 0.447169
20230701000119.64227059 19.422 113.918 0 5.82057
20230701000119.79979801 29.986 123.632 0 3.87283
20230701000119.96788499 18.3845 113.853 0 2.57184
20230701000120.82688742 24.962 113.881 18.2 18.6947
20230701000121.66300838 17.566 114.33 17.25 2.19002
20230701000122.39110979 24.8525 107.007 4 1.72376
20230701000125.82803878 29.5585 105.426 0 7.19652
20230701000125.82855436 29.275 110.134 19.95 20.8113
20230701000125.82924787 29.1005 108.598 19.95 5.79561
20230701000128.68374156 29.6675 108.665 0 17.398
20230701000128.68457939 29.78 108.745 8.85 14.3139
20230701000128.71167360 29.8885 106.149 0.9 5.90397
20230701000128.78535097 29.9195 106.174 0 3.58558
20230701000128.78590022 29.5565 107.763 19.95 8.0132
20230701000128.86731219 29.867 106.092 0 4.35144
20230701000128.86785996 29.2275 109.013 3.95 13.3546
20230701000128.91828659 29.915 106.218 0 0.792468
20230701000128.99517260 29.6115 106.95 0 11.0278
20230701000128.99572236 29.492 108.123 17.3 4.00907
20230701000129.19731160 29.9135 106.216 0 0.965067
20230701000130.24860320 29.3675 128.929 0 4.37542
20230701000130.33206000 29.4885 129.653 0 9.24993
20230701000131.34015209 14.331 101.087 19.65 0.416464
20230701000131.47581900 21.876 117.55 18.3 20.0007
20230701000131.48183321 30.02 114.998 18.1 9.09195
20230701000132.51985760 31.7485 126.225 0 7.42312
20230701000133.13612339 10.192 125.162 12.3 7.74228
20230701000133.16350099 31.3865 125.847 0 5.81793
20230701000133.20481180 31.3445 125.614 0 5.73816
20230701000133.54605600 17.1895 114.516 0 2.45881
20230701000133.56062841 29.9195 124.191 0 12.829
20230701000134.84181222 45.714 89.9605 15.8 7.23186
20230701000134.92120582 29.582 106.005 0 0.375659
20230701000135.47826438 19.454 113.671 0 3.9988
20230701000135.91318579 29.876 106.243 13.25 0.471526
20230701000135.91530739 29.838 106.28 19.95 3.43043
20230701000136.83228358 16.999 114.315 0 1.73663
20230701000139.30273478 12.2745 102.595 19.95 0.48131
20230701000141.32187539 10.742 101.979 19.95 4.40432
20230701000142.72226937 24.4475 106.89 19.95 4.79201
20230701000143.76176281 31.426 126.214 0 5.95152
20230701000153.14919260 29.9745 123.641 0 3.84951
20230701000153.31451279 29.9635 123.635 0 3.95035
20230701000154.29739779 29.483 128.772 0 3.32169
20230701000154.44551340 29.4605 129.653 0 7.79214
20230701000154.98829043 18.5385 114.282 0 4.06251
20230701000155.31833318 24.583 106.973 0.2 4.42456
20230701000155.43774380 31.736 128.126 0 2.87279
20230701000157.75786118 29.8885 106.249 12.2 0.288124
20230701000159.66913798 29.975 106.17 5.2 1.62673
20230701000200.84805158 19.3925 113.721 0 3.93177
20230701000210.09450340 29.8935 106.291 3.7 0.38322
20230701000212.01211519 29.466 128.765 0 7.13399
20230701000212.12388660 29.4665 128.779 0 3.36323
20230701000213.30530320 17.168 114.491 0 5.88921
20230701000217.09747020 17.932 103.259 0 1.62699
20230701000217.10350080 16.4555 105.007 19.4 11.1364
20230701000217.19106320 17.499 102.856 3.95 4.8088
20230701000217.87071411 24.567 106.97 0.2 4.56174
20230701000223.63760243 29.8935 106.231 12.7 1.4173
20230701000226.31742659 29.3405 108.486 19.95 9.58069
20230701000226.37894540 35.475 94.784 0.2 15.334
20230701000226.45460739 29.9115 106.169 0 0.942859
20230701000226.45515660 28.7515 109.842 19.95 16.2014
20230701000227.13252460 29.485 128.774 0 7.3296
20230701000227.38657721 29.8765 106.141 0 5.85803
20230701000227.38708169 28.927 110.186 19.95 15.563
20230701000229.68665107 29.935 123.554 17.75 11.6831
20230701000229.68736998 29.756 126.454 8.2 3.57845
20230701000229.74076620 24.4555 106.793 0.15 4.07652
20230701000231.60896620 31.814 127.054 0 4.44948
20230701000231.75631097 31.7015 126.177 0 4.64777
20230701000235.79739737 11.458 98.5465 19.95 3.94352
20230701000237.95607539 10.7845 102.1 19.95 5.04574
20230701000237.95820742 23.3155 108.504 3.95 11.9786
20230701000239.13194980 17.261 114.465 0 1.87227
20230701000239.28649318 29.506 128.765 0 8.35952
20230701000244.44717478 24.606 107.004 0 4.56717
20230701000245.10373140 10.8675 100.981 19.95 4.34699
20230701000245.80009542 29.9835 123.635 0 3.863
20230701000245.86104921 29.9805 123.643 0 3.78551
20230701000250.82067398 25.3665 112.96 0 16.673
20230701000250.95095020 16.9035 113.853 0 3.25169
20230701000255.40632579 29.841 106.294 10.2 0.374931
20230701000305.34123491 31.8345 129.654 14.2 20.717
20230701000305.78126240 17.12 114.495 0 2.01087
20230701000306.06724360 29.509 118.693 15.9 1.83197
20230701000306.14662960 29.5255 118.633 0.25 2.6314
20230701000306.21826259 29.754 119.012 0 13.3798
20230701000306.30202499 30.98 116.83 3.9 16.6704
20230701000306.30301478 27.979 115.054 0 12.548
20230701000306.38144240 29.594 118.614 0 6.12676
20230701000306.67225036 31.4595 125.774 0 4.24636
20230701000307.22560099 31.4315 125.774 0 4.88054
20230701000308.36048800 29.984 123.633 0 3.85103
20230701000308.44614979 29.968 123.654 0 3.6845
20230701000309.56589228 24.5665 106.961 0.15 4.54854
20230701000310.39886560 30.2965 109.526 0 6.95064
20230701000310.70371680 31.7465 125.894 0 1.54467
20230701000310.78818342 31.671 126.293 0 4.70429
20230701000314.45416700 23.6025 116.614 0.15 4.96305
20230701000314.46064860 24.693 110.498 14.25 8.33341
20230701000315.34951500 29.5595 105.972 0 0.569931
20230701000316.34748739 31.613 126.189 19.35 4.6249
20230701000316.37470598 31.7235 126.971 2.4 2.40604
20230701000316.45257721 31.3765 125.574 0 4.95789
20230701000316.50318201 31.36 125.653 0 4.87776
20230701000316.68279340 29.361 129.65 0.65 2.92015
20230701000321.63605958 17.7395 129.242 0.9 5.64351
20230701000324.50596800 18.819 104.09 16 3.34527
20230701000325.41711321 29.971 123.629 0 3.89412
20230701000325.44712940 29.9625 123.473 0 1.09481
20230701000325.53266159 29.9795 123.654 0.25 1.09303
20230701000325.71416019 30.087 124.861 0 3.8697
20230701000326.73887897 29.8905 106.289 2.7 0.256187
20230701000326.85536339 29.6125 123.02 0 3.40917
20230701000327.35984659 14.607 101.041 17.95 2.47651
20230701000327.85978700 30.063 106.875 0 1.2718
20230701000328.14098680 14.069 100.656 17.7 3.99736
20230701000329.79902342 29.9795 106.149 9.2 0.363245
20230701000329.80111500 39.889 113.944 11.25 21.0052
20230701000332.07207239 18.5265 113.838 0 2.53472
20230701000332.51825120 4.1215 89.92 0 23.919
20230701000332.66483200 18.44 113.835 0 2.76712
20230701000338.95888998 29.532 118.642 0.9 1.42943
20230701000343.18182120 29.8935 123.835 0 5.13972
20230701000346.36501401 14.5175 101.108 19.35 0.594263
20230701000346.37437539 17.1295 114.495 0 2.09037
20230701000351.10376600 24.885 106.999 19.95 1.46154
20230701000351.52278979 29.337 108.134 16.8 10.6788
20230701000351.53476540 29.0465 107.843 19.95 13.0938
20230701000351.58753920 29.848 106.322 0.9 0.548483
20230701000352.52267980 29.798 106.325 0 4.04443
20230701000352.52349740 29.0795 108.454 18.55 16.8491
20230701000356.18780160 29.477 128.772 0 3.83531
20230701000358.07242580 31.3455 125.653 0 5.06281
20230701000401.19372259 11.121 102.054 19.95 3.7839
20230701000404.39971580 22.3295 112.85 13.85 20.029
20230701000404.39789699 20.7735 126.754 0.8 2.64751
20230701000405.87889427 24.5665 106.939 0.2 3.84828
20230701000407.51280860 24.556 106.77 10.75 3.85196
20230701000408.72211801 32.552 115.674 3.45 15.3408
20230701000413.83698137 31.556 127.083 0 4.83359
20230701000414.53889542 17.0505 114.641 0 1.64583
20230701000414.71347398 31.555 126.934 0 4.90366
20230701000420.66091481 24.5625 106.996 0.25 1.77705
20230701000422.48193020 17.1335 114.315 0 1.86468
20230701000422.70776563 17.3815 114.486 0 1.93205
20230701000422.83622201 17.133 114.334 0 2.19164
20230701000422.90719379 17.2555 114.51 0 2.29676
20230701000423.23105100 6.3095 114.951 0 8.19318
20230701000423.93152716 16.201 95.971 0.75 0.567528
20230701000424.82387539 11.548 125.104 12.2 6.36999
20230701000426.35771379 24.5665 106.929 0.45 3.72091
20230701000427.94383200 29.4795 128.534 0 4.14519
20230701000429.49797280 29.8605 106.288 11.2 0.432484
20230701000429.50011641 49.585 111.526 3.2 15.0421
20230701000429.50577948 27.1645 108.244 19.4 17.4885
20230701000431.22336019 31.3595 129.654 0 15.525
20230701000432.30582179 29.9 106.795 0 12.8751
20230701000432.33564579 29.482 118.672 0 2.0249
20230701000436.12613500 29.508 118.683 0 2.52325
20230701000436.40468099 29.496 118.682 0.25 2.24313
20230701000436.79001260 29.879 123.854 0 4.11827
20230701000436.86499059 30.036 124.459 17.85 2.25148
20230701000436.88416697 29.444 118.684 0.1 2.31678
20230701000441.35854499 18.528 113.812 0 2.62261
20230701000442.28948838 21.7135 114.278 0 24.3767
20230701000443.43573158 13.107 103.35 0 3.04196
20230701000446.30200060 31.386 125.573 0 4.52319
20230701000447.70082432 24.6045 107.001 0.2 3.72394
20230701000449.19408019 17.347 114.48 0 2.00652
20230701000449.96676697 29.6485 105.482 0.25 6.86385
20230701000451.49195939 17.897 114.409 19.9 0.855331
20230701000452.02377540 16.762 114.721 0 2.41293
20230701000452.06743800 29.4885 128.799 0 6.95505
20230701000458.45511420 31.716 126.334 0 4.85602
20230701000501.73939200 29.5325 118.662 3.2 2.54987
20230701000506.79794880 29.9725 106.169 7.7 0.406561
20230701000509.19875980 25.3695 89.922 0.75 9.4988
20230701000514.11431920 29.997 123.647 0 3.22272
20230701000514.23417670 29.9295 123.894 19.95 7.4915
20230701000514.23491779 30.2845 122.432 0 4.79974
20230701000514.34036761 15.9595 126.546 0.75 5.11126
20230701000514.40246540 11.08 102.1 19.95 3.98378
20230701000516.26061240 30.112 110.413 0 8.91192
20230701000516.28030659 30.148 110.487 9.55 9.09112
20230701000516.29255699 30.1495 110.537 12.2 1.2288
20230701000516.30333820 30.152 110.535 8.2 1.27321
20230701000516.38202620 30.173 110.481 4 1.78786
20230701000516.41965881 30.171 110.482 0.9 3.04237
20230701000516.71726022 30.1565 110.513 0 1.11216
20230701000516.92298547 30.161 110.507 3.2 1.18511
20230701000516.96331961 30.169 110.485 0.05 3.57297
20230701000517.65420070 23.7225 116.575 0 4.04508
20230701000522.09918480 16.8605 114.671 0 2.88092
20230701000522.10175060 17.488 114.214 0 2.12939
20230701000523.28430041 24.491 106.816 14.2 2.94488
20230701000523.40713900 29.5355 128.792 0 8.36526
20230701000523.48112499 29.5315 129.653 0 9.32689
20230701000524.46281180 31.4655 125.813 0 4.73066
20230701000524.51756400 31.4645 125.814 0 4.88896
20230701000529.17373960 30.0015 106.844 7.2 6.55278
20230701000531.21576000 31.4145 126.278 0 4.1812
20230701000533.72294617 18.4555 113.83 0 2.19727
20230701000535.39570800 11.395 114.536 0 7.90739
20230701000535.98662796 30.013 124.214 0 3.99937
20230701000536.16774460 29.947 124 19.95 4.32013
20230701000537.30855519 10.8165 101.003 19.95 3.16992
20230701000538.73226419 7.814 115.477 0 12.9551
20230701000538.73415520 18.09 104.935 1.05 20.0021
20230701000538.83511558 12.195 102.184 19.95 4.30744
20230701000539.95157657 29.982 106.158 5.2 1.54448
20230701000541.26007390 28.1195 108.548 13.65 16.6685
20230701000541.26240680 29.3435 115.565 0 27.2212
20230701000541.77752217 29.828 106.184 0 5.99172
20230701000543.16947980 2.698 119.215 14.4 0.510346
20230701000546.11431920 31.4715 126.293 0 4.77226
20230701000546.75151782 5.976 100.113 19.95 3.28662
20230701000548.00937340 29.5295 128.814 0 3.78292
20230701000548.07527440 29.5185 128.792 0 3.68133
20230701000548.20712019 29.5235 129.653 0 7.74651
20230701000549.49613580 31.1335 108.958 19.75 15.6133
20230701000549.49759699 28.6955 108.915 16.3 17.9597
20230701000551.91672812 24.695 106.967 0 2.58927
20230701000554.11853340 18.553 113.77 0 2.78829
20230701000604.15685920 24.5735 106.947 0.45 3.72795
20230701000606.34612940 24.67 107.097 3.5 0.785291
20230701000606.49004601 30.0065 124.134 0 3.79942
20230701000606.56618361 29.8875 123.822 0 4.69783
20230701000607.00211019 29.753 106.534 0.1 8.87331
20230701000607.00293739 33.775 93.1145 18.45 14.2858
20230701000607.07610820 29.8245 106.202 4.7 0.58642
20230701000607.07825420 29.2015 108.867 0.55 12.0655
20230701000614.62721843 29.9735 106.165 4.2 1.53802
20230701000615.30601881 29.5115 129.653 0 10.114
20230701000623.89533798 24.594 106.949 0.45 3.78989
20230701000625.43164899 17.456 114.486 0 2.05417
20230701000626.22699840 45.551 89.92 19.95 10.7499
20230701000626.39885129 24.9705 107.07 19.9 1.71806
20230701000628.06649780 29.8785 106.314 0 0.432613
20230701000630.42011820 6.292 115.002 19.9 0.843097
20230701000630.42765379 -0.0725 100.56 0 26.9286
20230701000630.45331680 29.529 118.694 0 2.07179
20230701000631.43306620 29.523 118.676 0.1 2.1574
20230701000631.54418483 29.5205 118.854 0 6.75517
20230701000632.26886159 29.9915 123.642 0 3.79245
20230701000632.38245100 29.992 123.654 0 3.89218
20230701000632.55022137 29.926 123.976 0.9 3.81675
20230701000633.08297060 29.961 123.485 0 0.60322
20230701000633.38176998 31.487 116.605 1.55 15.1499
20230701000636.47130019 31.3865 125.736 0 5.60554
20230701000636.56581798 31.3545 125.653 0 4.74779
20230701000636.98780819 31.618 126.803 0 5.56869
20230701000641.86504761 31.473 125.894 0 5.0442
20230701000653.39537939 29.9715 106.168 6.7 1.55879
20230701000656.13121569 24.5 106.807 4 3.33089
20230701000656.14524040 24.5995 106.966 0 2.83958
20230701000656.82387091 24.5035 106.816 15.2 3.53532
20230701000657.31168019 29.9875 123.643 0 3.76756
20230701000703.87303500 29.646 123.21 0 4.34637
20230701000705.01815840 30.0395 106.866 1.3 1.18908
20230701000705.58327840 31.547 126.334 0 3.88291
20230701000709.43787660 18.7395 114.248 0 4.74043
20230701000709.72668921 17.112 114.532 0 1.93038
20230701000711.66490560 24.643 106.858 0 2.72248
20230701000713.61078041 18.325 114.065 0 1.90521
20230701000713.61330803 18.808 113.726 19.95 1.77159
20230701000713.63734156 17.594 113.894 0 2.97968
20230701000714.12211940 29.872 106.318 0 1.47323
20230701000714.24514019 31.3835 125.836 0 5.86581
20230701000714.68707718 31.3525 125.653 0 4.80876
20230701000715.25451900 30.0175 123.971 0 3.95264
20230701000717.81736300 18.4505 113.857 0 2.28225
20230701000718.56703980 31.2815 127.33 0 5.33104
20230701000718.57003820 28.8845 112.097 17.2 20.0039
20230701000718.59276979 29.5725 119.014 0.15 2.07009
20230701000718.59291737 29.6005 118.491 4 11.2036
20230701000718.65007200 30.981 116.475 0.9 14.293
20230701000718.71827520 31.383 126.055 0 5.49614
20230701000718.73546380 29.8315 119.436 0.1 2.2912
20230701000726.85621088 24.6125 106.821 7.75 6.41618
20230701000727.24299760 29.939 89.92 0 12.8043
20230701000727.31368348 24.499 106.796 0 2.65941
20230701000727.35616998 30.0675 110.523 0 1.84517
20230701000727.37389881 30.12 110.477 0.05 2.95984
20230701000727.45238480 30.0665 110.521 0 3.37577
20230701000727.48782579 30.1095 110.484 8.2 3.74536
20230701000727.67081721 29.909 110.612 19.95 7.77375
20230701000727.72540627 30.08 122.25 19.95 27.9953
20230701000728.63017779 29.9765 106.172 6.7 1.39225
20230701000729.08274180 29.954 106.334 0 6.74856
20230701000735.52726598 29.5705 118.65 4 2.5979
20230701000735.66158880 29.52 118.614 1.55 7.18381
20230701000738.09066040 18.009 114.225 0 2.4964
20230701000738.09322320 18.4765 113.883 19.9 2.7338
20230701000740.42748659 31.8905 129.654 0 21.7328
20230701000740.89646822 17.7575 113.721 19.15 20.0008
20230701000740.89900057 30.1215 114.72 18.3 11.1124
20230701000740.93584940 23.3575 112.91 19.95 11.9629
20230701000740.95340083 17.002 114.645 0 2.10346
20230701000743.37931961 29.5665 107.531 19.95 3.84858
20230701000744.64743020 28.5245 114.389 19.85 16.6679
20230701000744.65026502 20.13 104.103 14.35 16.6673
20230701000744.65091219 24.0425 115.061 0 9.09402
20230701000744.85583520 29.6405 109.48 13.6 14.2867
20230701000745.96463840 30.0015 123.477 0 0.659952
20230701000746.16294080 31.658 126.014 0 1.72333
20230701000746.23780940 29.8935 124.043 0 3.56757
20230701000748.48597241 24.5305 106.967 18.4 3.1283
20230701000748.54209619 24.475 106.97 0 6.77492
20230701000749.91273977 31.3465 125.734 0 4.769
20230701000750.10870060 37.3525 129.606 19.75 16.6667
20230701000755.04887480 30.0265 106.871 0.05 6.62214
20230701000800.73495897 18.822 113.236 6.7 29.5504
20230701000808.11016540 29.5095 128.826 0 3.85653
20230701000811.13307640 29.5155 118.494 19.95 3.89854
20230701000811.47653081 31.358 125.693 0 4.81428
20230701000811.77259558 31.5575 126.152 19.9 4.71886
20230701000814.02348440 17.206 114.495 0 2.09848
20230701000817.05196200 17.232 114.446 0 1.7883
20230701000817.56481862 29.906 106.311 0 0.340311
20230701000817.56692857 34.279 104.606 0.4 21.2239
20230701000822.26698620 5.6245 118.682 0.85 3.27995
20230701000822.53969190 24.3925 106.814 3.25 3.84445
20230701000822.62356140 24.496 107.014 0.2 4.23047
20230701000822.66938316 18.4805 113.832 0 2.59232
20230701000822.76431897 24.388 106.892 0 2.65252
20230701000822.76512601 24.5575 107.007 16.45 4.22744
20230701000823.02416420 16.5625 113.941 0 3.2393
20230701000823.18329180 24.4815 107.004 0 3.77351
20230701000823.21067720 24.519 106.892 1.5 2.27437
20230701000823.34385011 24.477 106.792 0.5 4.70637
20230701000823.50312819 24.4915 107.01 0 3.58537
20230701000825.97985228 24.793 107.039 0.2 0.531674
20230701000826.06401580 29.9895 106.173 0.9 1.59472
20230701000829.74646099 29.8425 106.283 2.2 4.35535
20230701000830.86157740 29.987 123.659 0 3.87586
20230701000830.90149779 29.5555 118.614 0.1 4.94216
20230701000832.99787180 28.543 110.531 13.3 20.0458
20230701000833.00534520 30.13 106.092 0.95 5.88004
20230701000838.63105798 16.9655 114.495 0 1.90277
20230701000839.58403161 17.246 114.415 0 1.59841
20230701000841.72346521 31.3575 125.69 0 3.73078
20230701000842.79311097 1.2905 119.318 19.2 1.70475
20230701000843.66291737 8.507 114.597 0 2.66304
20230701000850.62263001 31.3885 125.881 0 4.7765
20230701000851.76683737 29.5 128.824 0 8.40478
20230701000852.57018099 24.526 106.966 0.25 7.28756
20230701000852.64051980 24.4405 106.975 0.2 6.22098
20230701000852.67940512 24.5735 106.888 17.85 2.49834
20230701000853.01508569 24.4065 106.795 19.1 3.72291
20230701000853.15301299 24.4 106.927 19.95 9.71039
20230701000853.21199859 24.413 106.805 0.9 3.11149
20230701000853.28253619 24.4115 106.931 19.95 4.20436
20230701000855.76115699 13.717 115.161 19.8 0.435034
20230701000856.10305240 32.5015 129.654 17.3 11.806
20230701000858.38934780 29.87 106.288 8.2 0.338721
20230701000911.69113740 32.9175 90.422 0 12.9333
20230701000911.70031718 29.968 106.007 4.2 2.0327
20230701000911.70086880 28.3235 109.687 0 22.9149
20230701000912.62431020 16.8105 114.689 0 2.57903
20230701000912.62687603 17.8295 114.192 1.4 4.15769
20230701000914.16905160 18.36 113.915 0 2.56944
20230701000915.49757798 31.518 125.035 0 9.6294
20230701000917.76832192 10.391 95.0315 0.8 1.61979
20230701000918.91610278 31.428 125.561 0 2.15224
20230701000919.45592480 31.3765 125.851 0 5.86892
20230701000920.49173468 24.792 106.952 0.25 0.947749
20230701000922.41782739 29.528 129.653 0 9.21544
20230701000922.61112960 29.529 129.653 0 9.28626
20230701000924.43621251 30.461 129.653 0 5.36294
20230701000927.56474182 29.505 118.23 0 1.25523
20230701000927.56972620 29.481 118.324 2.4 2.22447
20230701000936.93512742 29.877 106.293 10.25 0.236421
20230701000937.00426700 31.028 126.14 0.4 11.3616
20230701000939.99048620 22.9035 116 0 7.75028
20230701000947.02350840 31.354 125.773 0 5.88029
20230701000947.28994160 31.306 125.773 0 5.69926
20230701000950.72352019 17.3555 114.386 0 1.26165
20230701000955.20474689 29.3305 108.279 14.2 10.2585
20230701000955.35668140 29.8785 106.322 0 0.936624
20230701000955.50472480 29.8855 106.324 12.7 0.817738
20230701000955.56503539 29.8715 106.349 0 5.88441
20230701000955.68775360 29.922 106.14 4.2 0.967987
20230701000955.68987238 29.151 109.388 0.15 16.2956
20230701000955.85739878 29.603 107.276 0.05 7.99413
20230701000955.85820038 28.491 110.348 14.4 20.0072
20230701000956.74586118 25.248 115.444 0 16.6706
20230701000956.75481523 30.477 115.438 1.05 8.47874
20230701000956.83871897 23.7875 116.508 0 6.14108
20230701000956.89408921 23.795 116.557 0 4.02996
20230701000957.02910140 23.8075 116.634 0 8.13605
20230701000957.72313920 24.5445 106.972 4 3.16926
20230701000957.76761862 24.564 107 0 3.53563
20230701000957.81757542 24.434 106.808 0 2.72919
20230701000959.77192838 10.573 101.941 19.95 4.30855
20230701001000.24923739 15.1405 104.317 2.35 2.93968
20230701001003.16980760 29.9875 123.689 5.2 1.19041
20230701001003.31626099 30.0015 123.654 0 3.05413
20230701001003.95408800 -0.0365 121.782 0 27.4918
20230701001008.75037561 27.996 129.654 0 23.7686
20230701001009.12851340 29.8755 106.321 4.7 0.292717
20230701001010.93184563 31.421 125.905 0 4.99695
20230701001014.97647078 18.073 128.912 0.8 2.48713
20230701001016.47708460 29.576 118.667 17 0.106837
20230701001016.89359980 29.7765 118.603 0 5.98996
20230701001017.18865059 29.6025 118.677 0 2.74783
20230701001019.44787891 22.848 107.813 19.5 19.3157
20230701001019.44850041 6.5425 123.324 13.2 0.410895
20230701001020.99427097 29.9235 106.242 5.5 1.87276
20230701001020.99482067 29.2745 108.977 19.95 13.02
20230701001021.02248220 29.9715 106.198 0 0.400125
20230701001021.02457720 29.924 106.273 19.95 3.97906
20230701001021.09941320 29.98 106.162 0 3.72861
20230701001021.14443299 29.703 106.999 0.9 9.52918
20230701001021.20806099 29.912 106.214 0 4.88139
20230701001023.25620120 31.475 125.027 0 5.51376
20230701001023.32289820 31.3635 129.654 1.1 15.4573
20230701001024.29295299 29.542 129.653 0 7.68719
20230701001026.68540838 19.3555 113.871 0 3.63177
20230701001028.03356800 29.72 105.748 0.05 4.06177
20230701001028.03410460 28.892 108.428 19.95 17.7774
20230701001028.43655539 29.7425 105.88 0 4.78736
20230701001029.79469862 21.5225 95.6995 19.95 3.79301
20230701001032.83300838 10.207 94.7695 17.9 0.731976
20230701001035.64686662 10.8725 101.8 19.95 4.935
20230701001036.32348659 18.426 113.848 0 2.88359
20230701001036.40679020 31.375 125.653 0 4.8824
20230701001039.47253638 29.9665 123.668 0 3.9388
20230701001040.02200460 29.947 123.421 14.2 0.764981
20230701001040.97034361 29.883 106.324 7.7 0.261687
20230701001041.84574041 18.7145 114.116 0 4.83592
20230701001042.04055580 17.233 114.348 0 1.60176
20230701001049.43872121 29.531 129.653 0 8.92574
20230701001050.68741740 24.5565 107 0.4 1.76282
20230701001051.22360620 17.495 114.318 0 4.72354
20230701001051.22612680 17.448 114.371 0 2.21816
20230701001051.43488499 31.4015 125.413 0 1.93431
20230701001056.63503302 31.72 127.44 1.55 2.84514
20230701001056.81344716 31.562 125.996 0 5.97443
20230701001056.99322041 31.48 126.47 0 4.77875
20230701001058.06870430 24.566 106.953 0.15 1.77585
20230701001104.93945222 30.2085 109.633 0 7.32834
20230701001105.00189710 30.302 109.726 0 4.18005
20230701001111.36389299 5.216 129.588 0 13.9981
20230701001111.49528160 31.875 129.654 14.4 20.2781
20230701001112.83423283 12.755 102.635 19.95 5.03313
20230701001113.95307660 29.7975 106.646 0.1 4.78711
20230701001113.95361996 29.3195 108.724 19.95 11.1168
20230701001113.99537939 29.9195 106.067 1.2 1.62413
20230701001114.79133862 29.87 106.301 0 4.99879
20230701001115.14934860 34.9005 115.633 17.1 21.1136
20230701001117.81829017 29.5585 129.653 0 9.31741
20230701001118.84046700 29.736 129.653 0.75 0.983569
20230701001119.82370540 11.1255 125.333 0.5 5.28423
20230701001120.53259280 30.032 123.672 0 3.82637
20230701001120.69396467 29.9365 123.754 2.5 6.74483
20230701001120.69471520 30.333 123.683 0 7.96347
20230701001123.87945222 18.557 114.199 0 3.29049
20230701001124.54796582 17.742 114.231 0.75 3.73708
20230701001126.15376830 24.4235 106.716 0 3.66884
20230701001126.23210939 24.5625 106.819 14.2 3.81394
20230701001127.05922380 24.487 106.971 0.2 3.06618
20230701001127.34358460 18.297 103.544 19.6 2.6709
20230701001133.07192759 29.883 106.321 5.7 0.281677
20230701001133.07400820 52.676 105.643 0 12.5588
20230701001134.01746500 29.9205 129.56 0 5.19584
20230701001134.04596160 30.0105 129.653 0 5.03232
20230701001134.36520579 -0.08 114.186 0 13.609
20230701001136.00281920 31.7085 127.175 0 2.84154
20230701001139.58657881 14.0975 100.684 19.95 4.07546
20230701001140.20229040 15.975 95.692 0 0.441939
20230701001140.29924419 29.9325 106.14 0 4.04362
20230701001140.29979379 28.903 110.234 19.95 16.4774
20230701001140.36470019 29.9665 106.259 5.2 0.906812
20230701001140.42680499 30.0025 106.014 3.55 1.12383
20230701001140.50358579 29.3615 108.694 0.1 10.7797
20230701001140.56524403 29.9205 106.237 0.1 5.85767
20230701001140.75761619 32.665 107.821 15.25 20.0008
20230701001145.67880659 12.664 102.576 19.95 5.01326
20230701001145.87140857 12.5215 102.524 19.95 5.09097
20230701001146.81144102 17.745 114.426 0 2.53198
20230701001148.22175539 18.622 113.769 0 2.58126
20230701001152.18228179 31.735 126.174 0 4.79846
20230701001152.98651699 18.056 114.238 19.9 0.747447
20230701001153.92125222 17.053 114.441 0 1.88882
20230701001155.22799480 24.5285 106.958 0 7.10106
20230701001155.29423961 24.5295 106.998 0 6.82781
20230701001155.33567779 24.608 106.967 14.2 3.37981
20230701001155.43725798 24.5315 106.969 0 6.26789
20230701001155.96355302 21.3375 114.899 0 22.7993
20230701001156.96768800 31.35 125.614 0 4.7149
20230701001158.50810300 29.8865 106.321 5.2 0.28582
20230701001158.51018099 29.8935 106.47 17.7 1.56713
20230701001158.93730918 28.7805 108.225 19.95 17.0407
20230701001159.44993680 29.999 123.614 0 3.57671
20230701001203.02982020 17.316 114.346 0 1.67031
20230701001204.11042900 31.4555 125.568 0.9 5.05733
20230701001204.15831360 31.44 125.596 0 4.68907
20230701001206.47577600 24.5265 106.97 0 5.66699
20230701001206.53904998 24.494 106.982 0 2.91796
20230701001206.64275680 24.5505 106.981 1.2 3.57639
20230701001206.87468761 24.513 106.969 0.9 3.69021
20230701001223.59802022 23.719 116.594 0 6.21919
20230701001223.65455859 23.7765 116.671 0.15 4.22574
20230701001223.69701836 31.3855 125.78 0 5.8484
20230701001223.83014457 31.4045 125.918 0 4.76984
20230701001223.91191200 31.353 125.693 0 4.91847
20230701001224.09480580 31.404 125.918 0 4.74037
20230701001226.27921100 29.675 129.528 0 10.176
20230701001228.99707398 31.512 126.254 0 4.80661
20230701001230.17472059 13.1895 103.051 19.95 5.3744
20230701001235.28400380 20.9935 115.158 0 20.1639
20230701001235.29208601 7.916 114.993 0 2.69633
20230701001235.39271200 17.0935 114.437 0 1.8616
20230701001235.55950688 17.6395 114.261 19.95 0.769912
20230701001235.89222259 17.145 114.442 0 1.88621
20230701001235.98153760 23.2065 100.084 19.6 20.0019
20230701001235.98410361 15.5015 114.625 19.75 1.94723
20230701001240.22742540 24.5215 107.014 19.9 0.758827
20230701001242.93784057 31.0015 117.798 7.55 14.2869
20230701001243.00504419 31.3185 125.69 0 4.98646
20230701001243.23358140 31.343 125.614 0 4.82757
20230701001243.36676240 31.36 125.761 0 6.00825
20230701001248.81440601 17.085 114.327 0 2.11305
20230701001300.28629510 30.471 116.334 0 8.73861
20230701001302.15144320 29.92 106.314 0 1.38136
20230701001302.85440179 31.358 125.733 0 4.7159
20230701001303.20594220 30.084 110.533 0 4.83581
20230701001305.99017203 24.5735 106.978 0.4 1.67867
20230701001307.48283481 18.469 114.233 0 4.26203
20230701001309.48313299 24.4225 107.005 0.2 6.12051
20230701001309.52829900 24.4115 106.971 0.2 6.34158
20230701001309.62219558 24.5335 107.053 0 3.36194
20230701001309.77152512 24.433 106.871 0.9 3.25121
20230701001316.70139840 30.0245 124.238 0 3.96831
20230701001316.77999859 30.0035 123.682 0 3.8395
20230701001318.33138380 29.5445 128.829 0 6.84538
20230701001318.41908720 29.5575 129.653 0 9.2972
20230701001318.59487398 23.147 115.934 0 2.69564
20230701001319.25868439 23.123 115.846 0 8.1574
20230701001320.35027200 30.383 110.213 14.3 1.20301
20230701001320.47036179 21.243 103.582 17.25 16.675
20230701001320.47068940 29.051 109.894 18.65 12.6031
20230701001320.48005068 29.1345 107.496 8.85 17.8214
20230701001320.50794880 19.2765 113.87 0 3.62277
20230701001323.34784019 16.9625 114.536 0 2.67261
20230701001326.46260860 29.899 106.321 8.7 0.526305
20230701001327.41127708 29.3505 109.353 17.85 22.8096
20230701001327.48223961 30.0335 109.664 0 1.99904
20230701001327.57191161 30.0465 109.675 0 6.02239
20230701001329.82368800 2.159 124.641 0 5.65868
20230701001330.31720179 29.692 106.105 0.05 4.18137
20230701001330.31773708 29.2055 108.36 19.95 10.132
20230701001330.53454000 29.6855 105.968 0.1 5.7799
20230701001330.53503398 29.1575 108.555 19.95 16.8722
20230701001330.62099020 29.9585 106.202 0.05 1.53786
20230701001331.52348620 16.137 95.8335 19.9 3.8094
20230701001335.16147400 31.36 125.763 0 5.74086
20230701001340.41880819 18.564 114.245 1.7 3.33518
20230701001341.03231180 13.509 100.331 19.95 3.49372
20230701001341.46783238 31.393 125.863 0 5.78469
20230701001341.72175219 14.2535 101.007 0.9 0.388913
20230701001342.15766720 29.6225 105.941 0 1.59341
20230701001348.68742617 23.1655 106.737 0 16.6683
20230701001348.69031603 9.3615 129.319 2.7 25.6459
20230701001348.69092102 24.8305 107.731 4 5.68347
20230701001348.85341196 5.804 114.096 19.1 5.67694
20230701001348.94383008 27.969 109.031 19.85 27.8705
20230701001348.95332659 32.3955 90.486 0 11.8677
20230701001349.02549820 29.8675 106.323 12.2 0.730896
20230701001349.02762460 29.817 106.446 19.95 3.99703
20230701001350.01453860 30.751 129.414 0 4.92903
20230701001350.10116040 30.765 129.397 0 5.21773
20230701001352.11665220 31.382 125.654 0 4.89121
20230701001352.28090438 -0.036 115.461 0 20.1666
20230701001352.81993203 31.388 125.776 0 5.18767
20230701001354.07090520 29.492 118.691 19.95 9.69146
20230701001354.13601759 29.835 118.494 14.35 10.2572
20230701001354.13609179 28.708 119.333 19.95 10.085
20230701001355.08691340 9.893 100.771 19.95 5.21703
20230701001357.40710819 29.542 129.653 0 9.18625
20230701001400.34449881 16.9545 114.393 0 1.75054
20230701001401.78174137 15.757 126.604 19.95 1.8842
20230701001405.03586520 7.0805 89.943 0 5.82969
20230701001410.27741420 29.904 106.321 12.2 0.330231
20230701001411.92968281 31.3865 125.863 0 5.1076
20230701001413.67651916 18.544 114.205 0 4.42321
20230701001414.93355648 24.293 106.838 19.95 4.67744
20230701001417.81372960 12.3335 125.407 13.9 2.64819
20230701001422.31191558 10.763 102.082 19.95 3.70166
20230701001425.23803680 29.84 106.321 10.2 7.26948
20230701001425.23859080 29.8305 106.916 3.25 5.88838
20230701001425.30867660 29.931 106.249 0 4.88159
20230701001425.60188460 29.954 106.182 0 3.42972
20230701001425.60243462 29.139 110.419 0 20.8627
20230701001425.65315462 29.5025 108.337 1.2 5.86993
20230701001426.30267740 24.5505 106.997 4 3.31545
20230701001426.33377100 33.0855 111.327 15.7 28.4567
20230701001426.36531040 24.531 106.955 0 3.44156
20230701001431.09241260 31.264 129.652 0 8.80772
20230701001432.37016940 12.5975 102.531 19.8 4.56774
20230701001440.39416998 29.9065 106.324 16.2 0.302885
20230701001443.04373460 30.934 114.711 4.6 16.5755
20230701001444.85433420 29.7055 123.654 0 5.07491
20230701001446.98276876 23.9055 116.559 0 4.44072
20230701001447.68175737 16.8865 114.492 0 2.01472
20230701001453.28254480 31.343 125.733 0 4.86236
20230701001454.56927782 29.673 129.133 0 5.51272
20230701001457.65903923 29.859 106.417 10.4 2.28014
20230701001457.65958080 29.233 109.084 19.95 12.772
20230701001457.68169561 4.625 114.035 0 3.4413
20230701001457.70876083 29.894 106.254 0.05 4.11291
20230701001457.77297401 29.8935 106.299 7.2 0.862349
20230701001500.87977939 18.2375 114.007 0 2.45995
20230701001505.46095920 17.1155 114.481 0 2.02177
20230701001506.46793478 31.3865 125.883 0 5.8839
20230701001506.69245081 31.3375 125.614 0 4.83079
20230701001509.33328080 29.6205 109.986 0 20.001
20230701001509.40248400 29.5495 128.889 0 7.06409
20230701001509.90484499 24.6385 107.045 19.95 7.99793
20230701001509.96508960 24.3935 106.851 4 3.08122
20230701001512.76051123 29.9025 106.319 5.2 1.39998
20230701001514.27531939 12.2555 90.88 19.4 5.23616
20230701001514.69214982 30.486 111.09 19.2 16.8346
20230701001515.25539440 30.716 129.202 0 5.11135
20230701001515.56158579 33.239 122.446 19.95 3.87002
20230701001515.57866208 32.803 108.515 18.5 20.0004
20230701001515.57929440 6.733 123.123 0 1.27709
20230701001516.27302380 10.4245 125.107 12.45 6.14675
20230701001521.48607558 16.934 114.601 0 2.10376
20230701001521.48864259 17.52 114.2 19.95 4.78745
20230701001521.59846899 20.2855 114.958 0 20.9601
20230701001521.87704121 31.3915 125.733 0 4.66812
20230701001522.30093920 24.6695 107.011 0 4.00013
20230701001522.68647040 24.5735 106.982 0 3.77729
20230701001522.76577580 24.4965 106.819 15.2 3.41342
20230701001524.50880339 29.922 106.288 4.2 0.683412
20230701001524.65341939 29.9105 106.356 0 0.61584
20230701001524.65548761 29.2165 109.236 0.55 19.648
20230701001524.82691276 29.535 107.343 12.65 14.1265
20230701001524.92886137 29.9185 106.239 0 4.81745
20230701001525.43598041 29.8915 106.334 0 5.84803
20230701001526.58479078 30.2275 109.763 0 10.2751
20230701001529.48384560 30.0085 123.654 0 3.63759
20230701001531.92708300 31.3895 125.868 0 5.57166
20230701001531.97642739 31.3615 125.77 0 5.71459
20230701001532.09246800 31.3845 125.891 0 5.81701
20230701001532.29647481 31.3565 125.614 0 4.83036
20230701001535.52312678 31.563 126.43 0 5.94593
20230701001535.56544377 31.486 126.606 0 5.38208
20230701001535.76204019 31.4525 126.613 0 4.69396
20230701001541.83500262 11.143 101.681 19.95 4.34985
20230701001542.72007078 29.9145 106.351 3.55 0.183609
20230701001542.88103360 29.902 106.343 0 1.33151
20230701001549.11603980 29.1155 128.214 17.7 5.28481
20230701001550.65861088 29.357 108.598 19.95 10.5379
20230701001550.73376441 29.8515 106.204 0.1 5.89187
20230701001551.55841440 17.29 114.441 0 5.78231
20230701001551.91273843 17.1615 114.471 0 2.06522
20230701001554.45019680 24.5665 106.967 0.2 2.83676
20230701001554.59654278 24.89 107.081 0.2 0.723981
20230701001554.77606156 12.502 102.513 0.75 0.980793
20230701001601.88813382 14.6925 101.356 19.95 3.97314
20230701001604.63898483 31.345 125.733 0 3.97574
20230701001609.88005638 24.519 106.996 0 7.12985
20230701001610.04305140 24.563 106.998 0.2 2.1082
20230701001612.66022099 29.982 123.699 0 3.79882
20230701001612.83405420 29.98 123.736 0 3.76604
20230701001615.43574278 31.638 126.97 0.4 6.7896
20230701001617.35129500 4.4425 115.324 0 1.94341
20230701001617.90972902 30.455 129.653 0 5.19102
20230701001619.33222940 30.007 106.057 0 6.67633
20230701001619.33277440 28.616 108.362 15.25 14.295
20230701001619.45681180 29.908 106.305 0 1.78035
20230701001620.00200059 29.8685 106.241 0 5.79535
20230701001620.17794179 29.883 106.273 0 0.5412
20230701001620.18006440 29.1445 108.671 19.95 12.0274
20230701001620.32037299 29.619 106.024 7.2 0.500481
20230701001625.20366720 14.3675 101.087 16.65 0.570477
20230701001626.53971699 29.498 118.35 0 2.86713
20230701001630.77245158 17.2395 114.437 0 1.82734
20230701001630.82570579 17.176 114.441 0 1.87606
20230701001632.04645300 29.3935 109.77 14.2 16.1047
20230701001632.05200580 30.3165 110.383 0 12.5029
20230701001632.05279180 27.503 109.645 0 20.5058
20230701001632.11922760 30.1015 106.907 0 3.45572
20230701001632.16616080 30.097 106.9 14.2 1.17409
20230701001642.46887961 31.625 126.75 0 2.98311
20230701001642.73074361 31.349 125.614 0 4.64308
20230701001643.10062620 31.6165 126.776 0 5.46725
20230701001643.56316320 32.115 89.946 0 12.0618
20230701001644.78005139 18.4845 113.901 19.95 3.57996
20230701001644.80390009 24.527 106.92 0 2.81983
20230701001644.88602681 18.3025 114.011 0 2.41172
20230701001644.91795276 18.7065 113.84 19.85 0.338709
20230701001644.95915641 18.4575 113.905 0 2.52502
20230701001645.09079520 18.3465 113.965 0 2.74636
20230701001645.68117120 30.1865 110.385 0 1.1277
20230701001649.64204998 18.291 113.877 0 2.4626
20230701001650.19805939 31.5605 115.962 0 25.2298
20230701001650.57406457 12.1495 125.405 3.2 5.53239
20230701001651.25524300 29.8905 106.362 1.3 0.162769
20230701001655.92193369 14.2545 101.007 3.1 0.438699
20230701001656.01480900 2.594 124.963 3.35 9.20839
20230701001656.31600441 24.1735 106.519 0 3.15726
20230701001656.40860611 24.6895 107.093 17.7 5.47176
20230701001658.50157529 30.5895 121.604 19.95 7.453
20230701001658.50265740 30.117 123.414 0 2.52657
20230701001703.83095020 31.905 126.683 0 2.96202
20230701001705.68029580 6.7415 103.883 0.8 0.257922
20230701001714.24825020 23.241 115.721 0 2.85096
20230701001718.79924838 24.638 107.075 0.2 4.56492
20230701001718.87994969 24.5135 106.851 0.7 2.75658
20230701001719.03169580 24.5315 106.925 1.55 2.51732
20230701001719.22093139 28.5585 107.909 7.2 10.2039
20230701001719.39387920 24.4175 106.815 14.2 3.29137
20230701001719.50937820 24.6825 107.132 14.25 5.57059
20230701001720.64576102 29.8455 106.284 0 0.447504
20230701001722.09620900 18.5875 113.492 0 2.74722
20230701001724.70756480 4.308 98.4795 19.95 7.1849
20230701001728.01718500 23.8135 116.625 0 3.6987
20230701001728.29523900 23.8085 116.54 0 6.35726
20230701001728.68871379 29.001 108.959 0.95 16.1356
20230701001733.21131089 30.723 129.654 0 6.94202
20230701001733.45062700 10.773 102.232 19.95 7.22627
20230701001735.16727360 10.463 101.49 19.8 1.41957
20230701001740.70316537 43.9735 92.6515 0.4 4.66689
20230701001740.86261881 29.9375 106.29 0 5.57372
20230701001745.97486060 24.5495 106.958 0 2.99635
20230701001746.05577700 24.5 107.014 0 7.01904
20230701001746.09358929 24.342 106.755 17.3 3.01338
20230701001746.16527480 24.6805 107.038 0 4.02406
20230701001746.26859980 24.5165 106.839 13.7 2.62393
20230701001746.32930559 24.376 106.484 19.95 11.3501
20230701001746.38654640 24.5145 106.842 17.7 2.73019
20230701001751.18942419 29.7495 105.968 0 5.82786
20230701001751.24245040 29.751 105.993 0.1 0.940894
20230701001753.04899040 12.514 125.164 0.8 5.60794
20230701001754.21141800 25.817 108.046 0 0.686789
20230701001756.11161840 31.34 125.773 0 4.92914
20230701001804.92645459 29.997 109.608 0 8.54612
20230701001805.32226739 0.2935 95.747 19.9 7.0502
20230701001806.61029363 24.601 106.964 0 2.86578
20230701001806.71093337 24.561 106.983 0.2 2.92905
20230701001806.78826438 24.601 107.003 0 3.15442
20230701001806.85883219 24.6515 106.886 6.3 2.2013
20230701001806.93001561 24.5005 106.951 0 6.36219
20230701001807.00372379 24.6165 107.01 0.15 3.92976
20230701001807.06001720 24.505 106.963 0.2 6.33764
20230701001807.23406899 24.6035 106.973 18.8 3.13797
20230701001807.38723011 24.6535 106.879 0 2.21343
20230701001809.48185158 33.2395 109.634 0 15.5125
20230701001809.48469520 30.3215 109.755 1.5 6.48647
20230701001809.48984339 30.287 109.734 0 11.6111
20230701001810.15550259 29.8845 108.866 0 16.7482
20230701001810.16422060 30.162 109.454 0 11.0308
20230701001810.31337580 12.6625 102.766 18.85 0.974494
20230701001810.73313440 25.392 89.924 0.9 4.27323
20230701001819.11307740 29.8455 106.289 4.7 0.380359
20230701001819.11517000 34.3925 107.509 7.2 14.4287
20230701001823.17502600 23.7405 115.596 19.35 13.1132
20230701001834.57841561 24.6655 107.023 0 2.18968
20230701001834.65241280 24.5235 106.796 17.7 3.28808
20230701001834.72444537 24.4865 107 19.95 3.5173
20230701001834.77074297 24.4745 106.822 18.85 3.3878
20230701001834.86772102 24.649 107.014 0.2 3.3584
20230701001835.20167640 24.4535 106.805 0 3.62486
20230701001836.66656678 31.1765 129.654 19.95 10.7563
20230701001838.87093299 14.6375 101.315 19.95 13.5206
20230701001839.20342849 30.187 110.409 9.2 1.19682
20230701001839.20724160 30.196 110.331 0 6.81044
20230701001841.88737702 9.0945 101.888 19.85 4.58811
20230701001843.40102598 29.9965 123.722 6.2 3.62726
20230701001844.74255539 29.6 129.653 0.65 6.04154
20230701001846.32039510 27.904 110.377 14.8 20.0004
20230701001846.32448800 30.6775 108.75 0 21.1314
20230701001848.63613062 29.4795 117.59 0.9 5.25778
20230701001848.65203520 29.483 117.618 6.2 2.12959
20230701001852.33488400 29.756 106.168 7.2 1.67035
20230701001853.07482480 27.337 110.334 0.1 7.34906
20230701001853.19941600 27.3875 110.574 0 3.86686
20230701001900.13749820 24.421 106.977 1.3 7.2326
20230701001900.22242400 24.4875 106.964 19.95 6.04154
20230701001900.37689859 31.589 127.213 0 5.3873
20230701001900.76369299 24.501 106.84 0.9 3.64415
20230701001901.46723558 24.554 106.913 0.15 1.83631
20230701001905.36605318 31.837 94.1155 12.2 12.9844
20230701001905.36717360 33.7795 113.849 0 12.3248
20230701001905.37091980 29.4305 118.09 0 3.91869
20230701001905.37107321 27.78 120.331 10.1 16.6674
20230701001905.38731961 29.8505 106.3 12.2 0.489853
20230701001906.50339820 12.132 102.125 19.95 0.488885
20230701001911.28510918 11.916 125.866 0.5 6.73233
20230701001911.59826457 30.423 129.653 14.2 5.02894
20230701001911.68444876 29.6035 105.991 2.2 0.834886
20230701001913.58254080 18.5515 114.11 0 4.59344
20230701001913.61358739 31.3815 129.654 19.95 17.0714
20230701001913.61419321 31.725 117.395 6.35 12.8625
20230701001916.28673600 31.556 126.334 0 4.97346
20230701001916.76792422 31.585 126.334 0 4.544
20230701001916.93584960 31.5805 126.334 0 4.78887
20230701001926.45199779 5.043 114.635 0 4.22239
20230701001928.03037220 30.0725 110.399 0 2.12369
20230701001928.08639980 30.4255 89.9215 0 12.4988
20230701001929.70061568 24.62 107.014 0.45 8.63474
20230701001931.40744358 29.9265 106.548 3.95 1.10839
20230701001931.60084179 29.8815 106.286 2.2 0.535701
20230701001935.13589720 13.5365 100.341 3.25 4.52419
20230701001935.19438280 14.452 101.122 0.8 0.51767
20230701001935.29618160 15.6935 102.212 18.95 3.94217
20230701001947.22784419 27.3325 94.858 0 16.6785
20230701001947.72185920 29.66 105.842 0 0.958153
20230701001947.72405798 33.7255 118.485 5.4 29.8414
20230701001947.81826739 29.6235 106.04 0.05 5.59475
20230701001947.89228601 29.6655 105.877 0 3.52791
20230701001949.36427200 31.3925 125.453 0 1.5159
20230701001951.55535622 29.543 118.383 0.05 2.11955
20230701001953.87142438 24.5735 106.984 0.2 2.75639
20230701001957.72293580 30.202 110.414 0.05 1.8101
20230701001958.67060121 31.8625 129.654 19.95 13.7106
20230701001958.84387859 13.7445 124.568 0.5 0.915726
20230701002000.20080729 30.834 129.654 14.2 8.69388
20230701002000.34751139 30.3095 107.412 0 11.2304
20230701002000.34836220 28.95 108.632 16.05 12.5011
20230701002000.43577219 29.634 107.14 19.95 10.8289
20230701002000.50902700 29.6355 108.589 17.3 24.9412
20230701002000.65997337 56.9795 101.502 0 11.7697
20230701002000.66163961 32.537 93.841 19.95 23.167
20230701002000.85445561 29.8935 106.352 0 5.85009
20230701002004.85626342 31.4995 125.921 0 2.91437
20230701002008.65643718 31.6555 129.654 0 16.4785
20230701002012.26043020 29.989 124.269 0 7.27207
20230701002013.89002758 29.4575 128.836 0 3.64017
20230701002014.02797600 24.608 106.99 0.2 2.92072
20230701002014.83261318 24.437 107.014 0 6.25279
20230701002014.89188998 24.439 107.042 0 7.21606
20230701002014.95515820 24.4445 106.831 0.9 3.2768
20230701002015.02676110 24.5185 106.833 0.9 3.63592
20230701002015.10507100 24.5335 107.053 0.2 3.15608
20230701002015.16407440 24.564 107.053 0 3.05821
20230701002017.26402360 30.17 129.653 0 5.98994
20230701002021.48641360 12.5395 102.528 19.95 4.65801
20230701002024.70502361 29.8595 106.304 11.2 0.32699
20230701002030.20919760 29.4115 107.114 0 8.94797
20230701002030.21002289 29.183 107.704 18.7 18.8629
20230701002031.38596160 29.422 118.363 0 8.18258
20230701002031.65310419 6.434 114.919 17.45 3.90381
20230701002035.88600396 29.662 118.096 7.2 2.05252
20230701002035.88627641 30.391 117.052 19.95 16.9
20230701002042.60525388 24.6205 106.781 0 3.00301
20230701002043.48376540 24.712 107.029 17.7 3.77663
20230701002046.60970240 23.2075 116.028 0.25 4.4722
20230701002049.42012560 10.133 101.868 19.95 4.4361
20230701002049.76977177 30.0125 123.711 0 3.92567
20230701002049.85989196 31.531 126.27 0 4.80362
20230701002049.91307622 31.536 126.283 0 5.5432
20230701002051.25064160 31.6335 126.254 0 4.6762
20230701002052.87237580 30.4255 107.749 0 23.4708
20230701002052.87322432 28.1175 108.069 17.9 14.2897
20230701002053.67494156 29.4715 128.837 0 3.31789
20230701002053.82316979 29.643 128.492 0 8.0076
20230701002054.59580838 17.0665 114.519 0 1.98884
20230701002105.89927840 29.9795 123.56 0 0.811603
20230701002106.51220320 29.994 123.734 0 3.68875
20230701002111.98806662 31.9585 129.653 3.2 5.57474
20230701002112.29910179 18.44 113.835 0 2.33542
20230701002112.76798918 17.122 114.441 0 2.65053
20230701002113.05871160 11.6185 102.002 19.95 4.51931
20230701002113.22337960 13.172 125.035 0 4.6048
20230701002119.48095760 13.9615 115.32 19.55 3.88881
20230701002120.98095360 29.432 118.334 14.2 2.2534
20230701002121.17480960 30.2775 109.556 0.9 8.75904
20230701002121.23288780 30.3675 109.614 0 7.73265
20230701002125.20701240 7.8165 98.733 19.3 16.6861
20230701002125.29714019 16.007 89.92 0 11.5033
20230701002125.65575020 16.0365 89.92 0 10.3771
20230701002126.02231640 17.214 114.281 0 1.78148
20230701002126.18210060 17.489 114.252 0 2.37112
20230701002130.17451180 29.648 106.013 9.7 0.557797
20230701002130.95302080 29.959 106.218 8.2 4.44896
20230701002131.01915680 29.966 106.244 15.2 0.754251
20230701002131.02125480 52.5825 108.588 0 17.919
20230701002131.12386980 29.367 107.759 0.1 13.0152
20230701002131.22150240 29.938 106.341 0.1 5.83571
20230701002131.27564099 29.572 107.314 14.2 13.8247
20230701002131.48954790 9.085 123.864 8.7 23.7758
20230701002133.50109100 29.5515 106.004 6.2 0.585187
20230701002133.59767660 29.517 105.975 3.2 0.678548
20230701002133.59991360 28.8065 109.418 0 18.7537
20230701002134.08710580 29.5085 106.022 0.4 5.73155
20230701002134.08758689 28.7295 109.928 1.55 14.3497
20230701002137.90795520 29.744 105.99 0 5.66997
20230701002137.97864697 12.848 102.71 14.85 5.17238
20230701002146.77691257 27.5615 129.573 0 12.5648
20230701002146.86089292 31.654 129.654 1.1 19.1925
20230701002154.42407980 15.159 94.767 19.9 3.02962
20230701002157.29906220 30.6495 129.654 0 6.66247
20230701002157.46480259 29.9935 123.734 0 3.69597
20230701002157.52063859 29.9945 123.733 0 3.60312
20230701002157.64075161 29.993 123.733 0 3.74975
